-0.0115481	
-0.129041	
0.0473508	
0.0113401	
-0.00208764	
-0.141858	
0.0470457	
-0.0112429	
0.00615211	
-0.124158	
0.0537595	
-0.00971703	
0.0150022	
-0.176038	
0.0165281	
-0.0112429	
-0.00147729	
-0.091199	
0.0656614	
-0.0222292	
0.00584693	
-0.132703	
-0.0155154	
0.00889869	
0.0223264	
-0.123242	
0.0143919	
-0.00330834	
0.00981422	
-0.098218	
0.0317869	
0.0244627	
0.0156126	
-0.104627	
0.00340553	
0.0259885	
0.0970945	
-0.108899	
0.0189695	
0.0137815	
0.0131712	
-0.100354	
0.0299558	
-0.00178246	
-0.0118533	
-0.0893679	
0.0665769	
0.00889869	
0.0262937	
-0.10127	
0.0284299	
-0.0319949	
-0.00147729	
-0.166577	
0.0314817	
-0.063428	
-0.0133791	
-0.0155154	
0.0449094	
0.040637	
-0.00391869	
-0.120191	
0.0253782	
0.00584693	
0.0290403	
-0.109815	
0.059863	
-0.0570193	
0.00035377	
-0.0945559	
0.0366697	
-0.00697045	
0.0604734	
-0.0954714	
0.0613889	
-0.00178246	
0.0305662	
-0.113172	
0.0241575	
-0.00544457	
0.012866	
-0.103406	
0.0565061	
0.110522	
0.0214109	
-0.125989	
0.0265989	
-0.0713625	
0.0262937	
-0.0945559	
0.0296506	
0.0488767	
-0.0216189	
-0.121411	
0.0952634	
-0.0158205	
0.0220212	
-0.0954714	
0.058032	
0.0107297	
0.0504026	
-0.0762454	
0.030261	
-0.00452904	
0.0311765	
-0.0854006	
0.0201902	
-0.000561758	
-0.00422387	
-0.135449	
0.0269041	
0.00767799	
0.0165281	
-0.0710574	
0.0247678	
0.120593	
0.0290403	
-0.116834	
0.120593	
-0.0191775	
-0.0103274	
-0.113172	
0.0485715	
0.0220212	
0.0131712	
-0.133008	
0.0677976	
-0.0261965	
0.0229368	
-0.121411	
0.0235471	
0.000658945	
-0.0170413	
-0.114392	
0.0369749	
0.0125608	
0.073596	
-0.0753298	
0.115405	
0.00889869	
-0.00483422	
-0.135144	
0.0259885	
0.0211057	
0.00249	
-0.121411	
0.0150022	
0.00401588	
0.00401588	
-0.0890627	
0.0464353	
0.0217161	
0.0217161	
-0.0673953	
0.0812254	
0.0177488	
0.0296506	
-0.0432864	
0.0903806	
0.0211057	
0.0134763	
-0.101575	
0.035449	
0.00767799	
-0.0133791	
-0.132398	
0.0470457	
0.00828834	
0.0290403	
-0.124158	
0.0259885	
-0.00788598	
0.0183591	
-0.157422	
0.0552854	
0.0488767	
0.0238523	
-0.120801	
0.105029	
0.0531492	
-0.00147729	
-0.117139	
0.0430784	
0.0320921	
-0.0448122	
-0.150708	
0.0723753	
0.0201902	
0.0418577	
-0.112866	
0.0323972	
0.00493141	
-0.0234499	
-0.09303	
0.0867185	
0.0186643	
0.14104	
-0.0966921	
0.0662717	
-0.00971703	
0.0311765	
-0.140027	
0.0867185	
0.00249	
-0.00910668	
-0.138501	
0.018054	
0.0217161	
0.0296506	
-0.133924	
0.0381956	
0.00950904	
0.0107297	
-0.137281	
0.0409421	
0.025073	
0.0388059	
-0.0844851	
-0.00422387	
0.0375852	
0.0171384	
-0.106763	
0.023242	
0.00187965	
-0.0161257	
-0.0475588	
0.154773	
0.0159177	
0.00645729	
-0.0951663	
0.0214109	
-0.0194827	
0.0122556	
-0.0973025	
0.045825	
-0.00727563	
0.0272092	
-0.102185	
-0.0124636	
0.0223264	
0.159656	
-0.0847903	
0.0845823	
-0.0567141	
0.0467405	
-0.0509158	
0.068408	
-0.00452904	
0.00157447	
-0.139112	
0.0562009	
-0.00513939	
-0.0445071	
-0.0966921	
0.0687131	
0.00310035	
0.000964121	
-0.0850954	
0.0394163	
0.0174436	
0.00645729	
-0.14491	
0.0143919	
-0.0542727	
0.00950904	
-0.120191	
0.0333128	
-0.0167361	
0.00706764	
-0.0774661	
-0.00330834	
-0.0271121	
0.0290403	
-0.0197878	
0.0220212	
0.0333128	
0.0247678	
-0.0677004	
0.0327024	
0.0562009	
0.0256834	
-0.09303	
0.0333128	
-0.0139895	
-0.013074	
-0.0554934	
0.140735	
0.0400266	
0.00218482	
-0.0554934	
0.0226316	
-0.0133791	
0.0272092	
-0.0707522	
0.0519285	
0.00645729	
0.0470457	
-0.0741091	
0.0818357	
0.0201902	
0.023242	
-0.0774661	
0.0787839	
0.0153074	
0.0446043	
-0.0460329	
0.068408	
0.0342283	
0.0168333	
-0.103711	
0.0610837	
0.0516233	
0.00920387	
-0.115003	
0.0125608	
0.0259885	
-0.0216189	
-0.0658694	
0.0616941	
0.0211057	
0.00310035	
-0.105542	
0.06322	
0.0442991	
-0.0338259	
-0.0908938	
0.0223264	
0.0217161	
-0.00239281	
-0.0863162	
0.0549802	
-0.00574975	
-0.000866934	
-0.145825	
0.0742063	
-0.013074	
-0.0246706	
-0.122327	
0.0348386	
-0.00452904	
0.00798316	
-0.0744143	
0.0308713	
0.0217161	
0.0400266	
-0.0579348	
0.0464353	
0.0253782	
0.00615211	
-0.0792971	
0.0464353	
0.0397214	
0.00859352	
-0.0765505	
0.0336179	
0.06322	
-0.0509158	
-0.0741091	
0.0204954	
0.108691	
0.0500974	
-0.0796023	
0.0720701	
0.0265989	
0.0119504	
-0.0655642	
0.0516233	
0.018054	
0.00523658	
-0.0741091	
0.0601682	
0.0183591	
0.0388059	
-0.0527468	
0.092822	
0.0211057	
0.023242	
-0.0680056	
-0.00391869	
0.0662717	
0.0119504	
-0.0847903	
0.012866	
0.0171384	
-0.0335207	
-0.0820437	
0.131579	
0.0275144	
-0.0112429	
-0.0445071	
0.0623045	
0.0327024	
0.014697	
-0.0512209	
0.0430784	
-0.000561758	
0.00462623	
-0.054883	
0.0479612	
-0.0216189	
-0.0503054	
-0.0380984	
0.0494871	
-0.0472537	
0.0366697	
-0.0545779	
0.0748167	
0.0793943	
-0.000561758	
-0.0432864	
0.0534544	
0.0214109	
0.0107297	
-0.0402346	
0.0516233	
0.0116453	
-0.0139895	
-0.0274172	
0.0607786	
0.0171384	
-0.0063601	
-0.0393191	
0.0674924	
0.00615211	
-0.00391869	
-0.105542	
0.0482664	
-0.0115481	
-0.0481692	
-0.00483422	
0.0519285	
-0.0115481	
-0.0664797	
0.00401588	
0.080615	
0.0113401	
0.0241575	
0.0552854	
0.177051	
0.00249	
-0.0240603	
-0.0316897	
0.0708494	
-0.014905	
-0.00483422	
0.0778684	
0.0681028	
0.00706764	
-0.00605492	
0.0342283	
0.17583	
0.118152	
-0.0554934	
0.0223264	
0.0110349	
-0.0649538	
-0.102185	
0.0592527	
0.110217	
-0.0899783	
-0.00391869	
0.09801	
-0.0310793	
-0.129956	
0.105334	
-0.00208764	
0.0452146	
-0.0673953	
0.0595579	
0.186816	
0.206042	
-0.0805178	
-0.116834	
0.0494871	
0.0177488	
-0.104016	
-0.0341311	
-0.0265017	
0.121814	
-0.205945	
0.258838	
0.0571165	
0.365039	
-0.0902834	
0.00645729	
-0.0799075	
-0.0283328	
-0.00788598	
0.0769529	
0.0500974	
-0.0631228	
-0.199842	
0.345508	
0.407153	
0.358935	
-0.000866934	
-0.0625124	
-0.00239281	
0.288745	
0.28905	
-0.293531	
0.304004	
-0.113172	
-0.351209	
0.00249	
-0.075635	
-0.218457	
-0.25874	
-0.0841799	
-0.0313845	
0.186206	
-0.208386	
0.14165	
0.105639	
0.195666	
-0.1797	
0.100451	
-0.609998	
0.134936	
0.0241575	
0.2625	
0.0519285	
0.145617	
0.520678	
-0.62251	
0.571338	
0.485583	
-0.88374	
0.632983	
-0.571851	
-0.0631228	
0.232287	
-0.176648	
0.193835	
0.0327024	
0.307971	
0.259448	
-0.248059	
0.650378	
0.512439	
0.494739	
-0.522718	
0.34093	
0.308276	
0.162402	
0.220691	
0.534717	
-0.117749	
0.650073	
1.29308	
1.15148	
-0.238599	
0.338489	
-0.410718	
0.436145	
0.538989	
0.220996	
0.573779	
-0.0927248	
-0.193128	
-0.556287	
0.83501	
-0.224866	
-0.351209	
0.67052	
-0.0112429	
1.62541	
-0.186414	
-0.546521	
-0.594129	
0.362292	
0.276538	
-0.254773	
0.555469	
0.188342	
0.392505	
0.499011	
0.122424	
0.668689	
1.04161	
0.120288	
-0.11897	
0.465747	
-0.645093	
-0.471753	
0.419665	
-0.129346	
-0.284375	
0.145312	
0.396777	
1.1527	
0.302173	
0.657092	
-0.617322	
0.42821	
-1.01161	
0.654345	
-0.828809	
-0.782727	
-0.224561	
0.221301	
0.224963	
0.0360593	
0.443469	
-0.725965	
-0.075635	
-0.17085	
0.147448	
-0.731153	
-0.758313	
0.144397	
-1.33815	
0.433398	
-0.149182	
-0.0246706	
0.455981	
0.0766477	
-0.167493	
0.0409421	
0.387622	
1.17498	
0.0464353	
0.93175	
0.0278196	
0.499011	
-0.324658	
0.951587	
1.4597	
-0.188245	
1.29979	
-0.304822	
-0.740308	
0.35802	
1.29857	
-0.313977	
-0.0646487	
0.0168333	
-0.10249	
-0.486402	
-0.389356	
-0.686292	
0.710498	
-0.11958	
0.319262	
0.390063	
0.196277	
-0.417432	
-0.852613	
0.281726	
-0.208386	
1.0111	
-0.00269799	
0.472156	
0.53197	
0.10747	
0.250598	
0.7755	
0.0220212	
0.492602	
-0.0289431	
-0.921582	
-0.434217	
0.239001	
0.329944	
0.224658	
-0.793103	
-0.826367	
0.484973	
0.173388	
-1.03022	
0.352832	
0.649768	
-0.607862	
-0.516919	
-0.158338	
1.41454	
-0.520581	
-0.620679	
-0.754041	
-0.758313	
0.455981	
0.210315	
-0.132703	
-0.367383	
-0.989026	
0.322619	
-0.503797	
-0.478162	
-0.0472537	
-0.719251	
-0.256299	
-0.127515	
0.271045	
0.0409421	
-0.9698	
-1.61036	
1.29613	
0.185595	
0.82799	
-0.544385	
0.178576	
0.104724	
-0.560559	
0.212451	
-0.0524416	
-0.656385	
-0.221814	
0.578662	
0.541125	
-0.317945	
-0.0625124	
0.122119	
-0.29231	
-0.170239	
0.0375852	
-0.34419	
-0.238904	
-0.885266	
-0.178479	
0.270434	
-0.141248	
0.320788	
0.259143	
0.136767	
0.224353	
-0.0536623	
-0.128125	
-0.920667	
-0.00819115	
0.0397214	
0.950061	
-0.556592	
-0.175122	
0.0168333	
-0.411328	
0.880786	
-0.307263	
-1.10774	
0.224658	
-0.19801	
-0.221509	
0.0189695	
0.192004	
0.0546751	
0.460254	
-0.105847	
-0.779981	
0.116321	
-0.198926	
0.818835	
0.552722	
-0.150403	
-0.348157	
0.502063	
0.196277	
-0.877942	
-0.104932	
0.165149	
-0.319165	
0.265246	
-0.385388	
0.367175	
0.659533	
-0.0432864	
-0.146436	
0.277453	
0.559436	
0.927783	
-0.68324	
0.425769	
-0.0487795	
0.0357542	
-0.202588	
0.388232	
-0.393628	
-0.221204	
0.578662	
-0.427198	
0.0317869	
0.0140867	
0.556384	
-0.27583	
0.129443	
0.0327024	
0.110217	
0.422717	
-0.701856	
-0.592603	
-0.082654	
-0.373487	
0.452014	
-0.118665	
-0.694531	
0.321094	
1.25768	
0.40105	
0.107776	
-0.24104	
-0.87489	
-0.793408	
0.00157447	
-0.116223	
-0.309705	
-0.187635	
0.162707	
-0.351209	
0.0540647	
-0.0075808	
0.326892	
-0.0942507	
-0.801953	
-0.402173	
0.234729	
-0.0689211	
0.025073	
-0.00483422	
0.339099	
0.211841	
0.302783	
-0.060071	
-0.241345	
0.014697	
-0.0847903	
-0.0924197	
0.222217	
-0.0472537	
-0.625867	
0.173083	
0.331164	
0.161792	
0.485278	
-0.524854	
0.360461	
0.273181	
0.0183591	
0.0739011	
-0.24867	
-0.206555	
-0.0228396	
-0.0286379	
0.0333128	
0.525256	
-0.0869265	
-0.264539	
-0.14552	
0.472766	
0.135241	
-0.294751	
-0.126294	
0.113269	
0.0998411	
0.0171384	
-0.0139895	
0.0247678	
0.146838	
0.218249	
0.921679	
-0.0246706	
0.404101	
0.196582	
-0.671033	
0.0836668	
-0.129651	
0.0134763	
-0.174207	
0.155078	
-0.404004	
-0.152844	
0.111133	
0.0238523	
0.0665769	
-0.176953	
-0.0112429	
0.0574216	
0.112353	
0.0995359	
-0.279798	
-0.485486	
-0.399427	
0.339709	
0.155993	
0.352832	
0.203906	
-0.0301638	
0.0238523	
0.0616941	
0.00340553	
-0.0716677	
-0.950879	
-0.246228	
-0.035657	
0.369616	
0.0818357	
-0.0380984	
-0.0490847	
-0.108899	
-0.182141	
0.0220212	
0.0125608	
-0.202283	
0.145007	
0.108691	
-0.0106326	
0.118457	
0.0012693	
-0.0249758	
-0.0112429	
0.00645729	
0.0546751	
0.0540647	
0.151416	
-0.135755	
0.0110349	
-0.325269	
-0.00239281	
-0.151624	
-0.018262	
-0.00147729	
-0.0243655	
-0.0896731	
0.100757	
-0.0109377	
-0.0521365	
-0.00178246	
0.0037107	
0.406238	
-0.183362	
-0.0863162	
-0.0136843	
0.0619993	
-0.101575	
-0.232801	
-0.020093	
0.15935	
-0.0448122	
-0.0387087	
0.0668821	
0.54143	
0.00554176	
-0.0399294	
0.0461301	
0.0464353	
-0.0597659	
0.0525388	
-0.00849633	
0.0375852	
-0.0152102	
-0.0689211	
0.0830564	
-0.0814333	
-0.288953	
-0.26576	
-0.0390139	
-0.0277224	
-0.184583	
-0.070447	
0.00035377	
-0.00819115	
0.0644407	
0.0037107	
0.018054	
-0.0774661	
0.0500974	
-0.0631228	
-0.00239281	
0.0394163	
-0.0557986	
-0.00513939	
0.0226316	
0.0348386	
-0.0832644	
-0.0246706	
-0.0908938	
0.382434	
0.0821409	
-0.208997	
0.0360593	
0.337573	
-0.05824	
0.0430784	
-0.00147729	
0.0778684	
-0.10127	
0.0253782	
0.0485715	
0.0717649	
-0.0579348	
-0.0197878	
0.0430784	
0.0446043	
-0.0658694	
-0.00727563	
-0.00513939	
0.0485715	
-0.0692263	
0.0214109	
0.0470457	
0.0311765	
-0.0536623	
0.0110349	
-0.0789919	
0.00523658	
-0.0683108	
-0.0219241	
0.00157447	
0.0671873	
-0.0359621	
-0.0362673	
-0.000256582	
0.0464353	
-0.0811282	
0.00676246	
0.0140867	
0.0400266	
-0.0677004	
0.00157447	
0.0131712	
0.035449	
-0.0576296	
-0.00361352	
0.0143919	
0.0442991	
-0.0609866	
0.0461301	
0.018054	
0.0455198	
-0.0564089	
-0.0109377	
0.00218482	
0.0623045	
-0.0707522	
0.00035377	
0.00737281	
0.0116453	
-0.0698367	
0.0446043	
0.103808	
0.0681028	
-0.10951	
0.0342283	
0.0186643	
0.0333128	
-0.0597659	
0.0107297	
0.0195798	
0.0375852	
-0.0661746	
0.0012693	
0.0183591	
0.047656	
-0.0658694	
0.0107297	
0.0317869	
0.0235471	
-0.0594607	
-0.00178246	
0.0107297	
0.0394163	
-0.0673953	
-0.00117211	
0.0244627	
0.0229368	
-0.0881472	
0.0140867	
-0.047864	
0.0543699	
-0.0646487	
0.0156126	
0.00798316	
0.0299558	
-0.0750246	
0.00981422	
-0.0109377	
0.0223264	
-0.0722781	
-0.00117211	
4.85937E-005	
0.030261	
-0.070447	
-0.0118533	
0.00798316	
0.0229368	
-0.0716677	
0.0110349	
0.0159177	
0.0351438	
-0.0799075	
0.00249	
0.00310035	
0.0137815	
-0.0667849	
0.00859352	
-0.0145998	
0.0296506	
-0.0738039	
0.0186643	
-0.00117211	
0.0418577	
-0.0588503	
0.00584693	
0.0171384	
0.00828834	
-0.068616	
0.0101194	
-0.0127688	
0.0214109	
-0.0640383	
0.0104246	
-0.00178246	
0.0247678	
-0.0762454	
0.0143919	
0.0101194	
0.0189695	
-0.0789919	
0.0259885	
0.00828834	
0.0110349	
-0.0643435	
0.00920387	
0.0159177	
0.0391111	
-0.0673953	
0.0943479	
0.00859352	
0.0278196	
-0.0683108	
0.0134763	
-0.00788598	
0.0183591	
-0.0796023	
0.0287351	
-0.00269799	
0.0177488	
-0.0667849	
0.0214109	
0.00523658	
-0.000256582	
-0.0594607	
0.0116453	
-0.0347414	
0.0195798	
-0.0512209	
0.0104246	
-0.0213137	
-0.0622073	
-0.0698367	
0.0613889	
-0.0289431	
0.00432105	
-0.0722781	
0.0201902	
0.0110349	
-0.00208764	
-0.0777712	
0.0247678	
-0.00208764	
-0.0191775	
-0.0615969	
0.0436887	
0.0220212	
0.0229368	
-0.070447	
0.0482664	
-0.00208764	
0.0214109	
-0.0353518	
0.0385007	
-0.0152102	
0.0201902	
-0.0496951	
0.0281248	
0.0256834	
-0.00452904	
-0.0698367	
0.00462623	
-0.00819115	
0.0134763	
-0.0539675	
0.0241575	
-0.0280276	
0.00432105	
-0.0606814	
0.0171384	
-0.0100222	
0.0177488	
-0.0780764	
0.0330076	
-0.013074	
0.00462623	
-0.0207034	
0.00798316	
-0.0216189	
-0.0188723	
-0.108289	
0.0339231	
0.00462623	
-0.00208764	
-0.0664797	
0.12334	
-0.0100222	
0.00645729	
-0.0588503	
0.0275144	
-0.0188723	
-0.020093	
-0.0423708	
0.0766477	
-0.0637331	
-0.037488	
-0.037488	
0.0555906	
-0.00849633	
-0.00239281	
-0.0802126	
-0.0161257	
-0.0402346	
-0.0347414	
-0.121717	
0.0192747	
-0.0155154	
-0.025281	
-0.0542727	
0.0195798	
-0.0216189	
-0.000866934	
-0.0673953	
0.0012693	
-0.0109377	
-0.0332156	
-0.0445071	
0.0510129	
-0.0481692	
0.030261	
-0.0927248	
0.0409421	
-0.0454226	
-0.0207034	
-0.0780764	
0.0461301	
-0.0158205	
-0.00971703	
-0.0680056	
0.0427732	
-0.0203982	
-0.0106326	
-0.0475588	
0.0418577	
0.0327024	
-0.00178246	
0.023242	
-0.0185671	
-0.0258913	
-0.0170413	
-0.0496951	
0.0772581	
0.0229368	
-0.00849633	
-0.0524416	
0.0507078	
-0.0158205	
-0.0210085	
-0.0915041	
0.0519285	
-0.0118533	
-0.0103274	
-0.0673953	
0.0391111	
-0.0109377	
0.00859352	
-0.0609866	
0.0522337	
-0.035657	
-0.0109377	
-0.0609866	
0.1682	
0.0204954	
-0.0219241	
-0.0640383	
0.0491819	
-0.0106326	
-0.0258913	
-0.0545779	
0.0299558	
-0.013074	
-0.00910668	
-0.0680056	
0.0299558	
-0.0145998	
-0.0326052	
-0.0649538	
0.0711546	
-0.0136843	
-0.0255862	
-0.0991335	
0.0284299	
-0.0463381	
-0.0289431	
-0.0344363	
0.0220212	
-0.020093	
-0.0359621	
-0.0637331	
0.0201902	
-0.0359621	
-0.0158205	
-0.0747195	
0.0574216	
-0.00513939	
-0.0170413	
-0.0747195	
0.0394163	
-0.0115481	
-0.0246706	
-0.0951663	
0.0442991	
-0.020093	
-0.0191775	
-0.091199	
0.0964841	
-0.000866934	
-0.00697045	
-0.086011	
0.0284299	
0.03728	
-0.0109377	
-0.0905886	
0.0442991	
-0.0561038	
-0.0393191	
-0.0933352	
0.0613889	
-0.0219241	
-0.0240603	
-0.0973025	
0.0745115	
-0.00941186	
-0.00391869	
-0.0893679	
0.0647459	
-0.0216189	
-0.00239281	
-0.107678	
0.0415525	
-0.0203982	
-0.0399294	
-0.0802126	
0.0385007	
-0.0176516	
-0.0194827	
-0.0796023	
0.0357542	
0.0375852	
-0.0274172	
-0.0936404	
0.0311765	
0.0388059	
-0.0106326	
-0.0344363	
0.045825	
-0.025281	
0.00249	
-0.0731936	
0.0543699	
-0.0258913	
0.0150022	
-0.0622073	
0.0327024	
-0.0112429	
0.019885	
-0.0838747	
0.0305662	
0.00249	
-0.0075808	
-0.0802126	
0.0327024	
-0.0112429	
-0.00178246	
-0.086011	
0.0381956	
0.00767799	
-0.000256582	
-0.106458	
0.0415525	
-0.0240603	
-0.0106326	
-0.0973025	
0.070239	
-0.0106326	
-0.00605492	
-0.082654	
0.0479612	
-0.014905	
-0.0350466	
-0.063428	
0.0403318	
-0.000256582	
-0.00666527	
-0.0792971	
0.0229368	
-0.00574975	
-0.0243655	
-0.107373	
0.00584693	
-0.00208764	
0.0125608	
-0.0896731	
-0.047864	
-0.00727563	
0.0214109	
-0.109204	
0.0165281	
-0.0100222	
0.0427732	
-0.114698	
0.0452146	
-0.0118533	
0.00584693	
-0.0945559	
0.0357542	
0.00432105	
0.0253782	
-0.0829592	
0.0012693	
0.00432105	
0.0327024	
-0.102185	
-0.0463381	
-0.0338259	
0.0388059	
-0.104016	
-0.000866934	
0.00432105	
-0.0237551	
-0.0866213	
-0.00330834	
-0.030469	
0.0122556	
-0.100965	
-0.000256582	
0.00462623	
0.0162229	
-0.0762454	
0.0174436	
-0.0173464	
-0.00330834	
-0.0567141	
0.012866	
-0.0170413	
0.0241575	
-0.0951663	
0.0436887	
-0.0258913	
0.0131712	
-0.140027	
0.045825	
-0.0109377	
0.0217161	
-0.0695315	
-0.00361352	
-0.0503054	
0.0107297	
-0.0939455	
0.0125608	
-0.00941186	
0.0677976	
-0.0997439	
0.0122556	
-0.0136843	
0.0220212	
-0.107984	
0.00645729	
-0.00361352	
0.0577268	
-0.103406	
0.0229368	
-0.020093	
0.00920387	
-0.0985232	
0.0223264	
-0.0274172	
0.0394163	
-0.120801	
-0.0106326	
-0.0414553	
0.00950904	
-0.120191	
0.0156126	
-0.00605492	
0.0186643	
-0.10249	
0.00981422	
-0.0106326	
-0.00117211	
-0.0750246	
0.0363645	
-0.0246706	
-0.0347414	
-0.108289	
0.0189695	
0.014697	
0.0177488	
-0.0835696	
0.0265989	
-0.0164309	
-0.00849633	
-0.106153	
0.000964121	
-0.00819115	
-0.0152102	
-0.10249	
0.0369749	
-0.0255862	
0.00859352	
-0.102796	
-0.0152102	
-0.0698367	
0.030261	
-0.136365	
0.0638303	
0.0134763	
-0.00483422	
-0.134839	
0.0214109	
-0.0380984	
0.0278196	
-0.16261	
0.0455198	
-0.0765505	
-0.140027	
-0.098218	
-0.00849633	
0.170032	
0.437976	
-0.377759	
0.110827	
-0.0777712	
-0.116223	
-0.168714	
0.216113	
-0.0506106	
0.470935	
-0.190076	
0.161792	
-0.140943	
0.0751218	
-0.154981	
0.0150022	
-0.0673953	
-0.0164309	
-0.285291	
0.672351	
0.145923	
-0.319776	
-0.0753298	
-0.0960818	
0.149585	
0.0137815	
-0.462598	
0.00981422	
-0.271558	
-0.352429	
0.177051	
0.320788	
0.143786	
0.0278196	
-0.203504	
0.0131712	
-0.0249758	
0.329028	
-0.208081	
-0.104016	
-0.0161257	
0.0983152	
-0.00269799	
-0.600843	
-0.0518313	
0.277453	
-0.115613	
0.0925169	
1.15361	
-0.349988	
0.123645	
-0.360059	
0.384265	
0.00828834	
-0.363721	
0.148974	
-0.424451	
-0.159253	
-0.112866	
0.101977	
-0.068616	
0.694934	
-0.164746	
-0.414685	
0.2979	
1.85338	
-0.463208	
-0.518445	
-0.812024	
1.03612	
-0.217847	
0.598803	
-0.0448122	
-0.112866	
-0.126599	
-0.0533572	
0.101062	
-0.233411	
0.241748	
-0.564527	
-0.0942507	
-0.091199	
-0.592603	
0.213672	
0.254565	
0.154468	
0.811206	
0.325671	
-0.264539	
0.381213	
0.350696	
-0.566052	
0.087634	
-0.542859	
0.629626	
-0.826367	
-0.0518313	
-0.0713625	
-0.0536623	
-0.636548	
0.205432	
0.74895	
-0.305738	
0.0467405	
0.345813	
0.0604734	
-0.0207034	
0.338794	
-0.0179568	
0.10625	
0.116626	
0.521899	
-0.167493	
0.450183	
0.43706	
-0.824536	
-0.15437	
0.39342	
0.494739	
0.263415	
1.81371	
-0.104016	
-0.0506106	
-0.682324	
-0.977124	
0.147754	
-0.652417	
0.415393	
0.114184	
-0.0063601	
-0.6219	
-0.471143	
-0.0512209	
0.231982	
-0.26698	
-0.233106	
-0.116529	
-0.0597659	
0.0192747	
-0.0640383	
0.556689	
0.719653	
0.0116453	
-0.428113	
-0.402783	
0.312854	
-0.329236	
0.173083	
-0.282849	
0.466968	
-0.356397	
0.108081	
-0.0545779	
0.525256	
-0.157727	
-0.281018	
-0.707349	
0.248462	
-0.204419	
0.936328	
-0.70918	
-0.229138	
0.541125	
0.823413	
-0.310926	
-0.288953	
-0.551404	
-0.173596	
-0.500745	
-0.724134	
0.257007	
0.090991	
2.00688	
0.348254	
1.14873	
-0.0542727	
-0.229138	
-0.22273	
-0.784558	
-0.0506106	
-0.040845	
-0.248975	
-0.160779	
0.830737	
-1.00245	
0.627795	
0.090991	
-0.0515261	
0.157214	
0.703174	
0.0861082	
-0.110425	
0.272876	
0.585376	
0.146533	
-0.745801	
0.182239	
0.300952	
-0.464734	
1.09014	
-0.443372	
1.56102	
-0.133618	
0.166675	
-0.521497	
-1.11689	
0.357715	
0.145923	
-0.146436	
0.339404	
-0.393323	
0.190783	
-0.255994	
0.146228	
0.247241	
1.01842	
0.156299	
0.351001	
-0.113782	
-0.228223	
-0.567884	
0.19353	
0.430041	
-0.0692263	
0.73186	
0.087634	
0.187732	
0.660754	
0.0037107	
-0.170545	
-0.187635	
-0.297193	
-0.346326	
-0.199536	
-0.340222	
0.181933	
-0.060071	
0.0442991	
0.360766	
0.644275	
-0.0557986	
0.0674924	
-0.181531	
-0.485486	
-0.379895	
-0.794324	
-0.460462	
0.261889	
-0.409802	
-0.336865	
-1.0464	
0.567676	
-0.156507	
-0.150708	
-0.347547	
0.116931	
-0.11073	
-0.219373	
-0.506848	
0.504199	
0.0327024	
0.94884	
0.403186	
-0.306653	
0.114795	
0.180102	
0.135547	
-0.000561758	
-0.271863	
0.186206	
-0.115613	
-0.0554934	
0.238696	
0.127307	
-0.183972	
0.148974	
-0.319776	
0.455676	
0.514575	
-0.0179568	
-0.282239	
0.0766477	
-0.047864	
0.214587	
0.424243	
-0.300855	
0.220996	
0.551501	
0.0830564	
0.216113	
0.205432	
0.266467	
0.364123	
-0.453137	
0.265246	
-0.452832	
0.0415525	
-0.230359	
0.293933	
-0.262708	
0.0317869	
0.190173	
-0.147656	
0.0363645	
0.281726	
0.119677	
0.269824	
-0.173291	
0.125476	
-0.212964	
-0.417432	
-0.0664797	
-0.413465	
0.0433836	
0.233813	
0.0479612	
0.00340553	
-0.637158	
0.333301	
0.199939	
-0.0164309	
0.611926	
-0.0921145	
-0.0829592	
0.230456	
0.450488	
0.150195	
4.85937E-005	
0.608874	
0.208789	
-0.312146	
0.397082	
0.1328	
-0.160779	
-0.3802	
-0.268201	
0.339404	
0.162097	
0.161487	
0.0360593	
-0.0371829	
0.362903	
0.178576	
0.561877	
0.724536	
0.00767799	
0.258838	
0.419055	
-0.19679	
-0.298413	
0.142871	
-0.0710574	
-0.037488	
0.155993	
0.09801	
0.423327	
-0.28468	
1.75695	
-0.0258913	
-0.0289431	
0.259753	
0.133105	
0.166064	
-0.143994	
0.498401	
-0.11897	
-0.130872	
0.127612	
-0.0820437	
0.312243	
-0.387219	
-0.0817385	
0.0827512	
-0.494947	
0.00493141	
0.184985	
-0.00361352	
0.0815305	
-0.334729	
-0.56178	
-0.000256582	
-0.333509	
0.473071	
-0.114087	
0.165759	
-0.164136	
0.155383	
0.398913	
-0.282849	
0.26311	
0.773364	
0.391589	
0.0934324	
0.040637	
-0.149793	
0.244189	
-0.229138	
-0.217237	
-0.00239281	
0.217944	
0.750476	
-0.419263	
0.0238523	
-0.321607	
0.116015	
0.0504026	
-0.0463381	
0.111133	
-0.150403	
0.110827	
0.147448	
-0.252942	
-0.105847	
0.0137815	
0.666858	
0.223132	
-0.245313	
0.318042	
-0.274915	
0.265246	
0.0012693	
-0.0448122	
-0.121411	
0.116321	
0.0156126	
-0.0902834	
0.171557	
0.0140867	
-0.0509158	
0.175219	
-0.0271121	
-0.020093	
-0.0899783	
0.0833616	
-0.0124636	
0.0265989	
-0.143384	
-0.128736	
0.43706	
-0.0844851	
0.27959	
-0.13606	
-0.195264	
0.134936	
0.17583	
-0.0850954	
0.0653562	
0.0711546	
-0.0194827	
0.152942	
0.100451	
-0.0411501	
0.315295	
-0.0905886	
-0.166577	
-0.331983	
0.0723753	
-0.544995	
-0.0194827	
-0.0829592	
0.126697	
-0.0573245	
0.378467	
0.0671873	
-0.281018	
0.0278196	
-0.100965	
-0.0210085	
-0.0225344	
0.0519285	
0.152942	
-0.0185671	
-0.0411501	
0.1328	
0.0732908	
-0.197705	
-0.291394	
-0.0979128	
-0.269116	
-0.0719729	
-0.130872	
0.0339231	
0.288745	
-0.0823489	
0.0641355	
-0.0155154	
0.0214109	
0.0418577	
-0.0384036	
-0.0420657	
0.0107297	
0.052844	
-0.00697045	
-0.00361352	
0.0439939	
0.230456	
-0.0921145	
-0.0127688	
0.180407	
-0.125073	
0.354052	
-0.107068	
-0.00147729	
-0.0469485	
-0.0139895	
-0.00239281	
0.0272092	
0.0122556	
-0.025281	
0.00249	
0.0278196	
0.0159177	
-0.0286379	
-0.000256582	
0.0229368	
0.0470457	
-0.0557986	
-0.121106	
0.0403318	
-0.0619021	
-0.0512209	
-0.0390139	
-0.00727563	
-0.0249758	
-0.0405398	
-0.0579348	
0.26311	
0.103198	
-0.0301638	
-0.0283328	
0.0467405	
0.0464353	
0.00035377	
0.0107297	
0.0174436	
0.0256834	
-0.00452904	
0.0366697	
0.00767799	
0.09801	
-0.0393191	
-0.124463	
0.0241575	
0.0513181	
-0.0313845	
-0.00666527	
0.00889869	
-0.00361352	
-0.0377932	
-0.014905	
-0.0112429	
0.0153074	
-0.0194827	
0.0308713	
-0.00483422	
-0.00452904	
-0.0442019	
0.0259885	
0.030261	
0.00584693	
-0.0579348	
-0.0380984	
-0.0316897	
-0.00208764	
-0.0118533	
-0.00727563	
0.0897703	
0.0037107	
0.0165281	
0.0296506	
0.00462623	
0.0522337	
0.0513181	
0.0400266	
0.0348386	
0.0159177	
-0.0167361	
0.0537595	
0.0873289	
-0.0115481	
-0.0301638	
-0.0414553	
0.0629148	
-0.00361352	
-0.0316897	
-0.0390139	
-0.00513939	
-0.0133791	
-0.0194827	
-0.00849633	
0.0595579	
0.018054	
0.0546751	
0.0519285	
0.0409421	
-0.0237551	
-0.00483422	
0.0195798	
0.019885	
0.00340553	
-0.0622073	
-0.0323	
0.0388059	
0.00920387	
-0.0463381	
-0.0152102	
0.0284299	
4.85937E-005	
-0.0539675	
-0.0191775	
0.00462623	
0.0171384	
-0.0155154	
0.0037107	
0.0467405	
0.0418577	
-0.0139895	
0.0116453	
0.0287351	
-0.0222292	
-0.0145998	
0.00493141	
0.0748167	
0.00920387	
-0.00269799	
0.0800046	
-0.00574975	
-0.0265017	
0.0272092	
-0.00788598	
-0.0332156	
-0.0564089	
-0.0661746	
-0.0203982	
0.0214109	
0.0012693	
-0.0179568	
-0.0487795	
0.0177488	
-0.013074	
-0.0194827	
-0.0216189	
0.0296506	
-0.0188723	
-0.0274172	
-0.00727563	
0.0217161	
-0.00239281	
0.00584693	
0.0510129	
0.075427	
-0.0362673	
-0.0161257	
0.0186643	
0.0507078	
-0.0536623	
-0.0554934	
0.00859352	
0.0412473	
0.00340553	
-0.0121584	
0.000964121	
0.0494871	
0.000658945	
-0.0145998	
-0.0118533	
0.019885	
-0.014905	
-0.0185671	
-0.0100222	
0.0385007	
-0.0344363	
-0.0185671	
-0.0194827	
0.0595579	
-0.10188	
0.00279518	
-0.0118533	
0.0253782	
-0.065259	
0.0214109	
-0.0173464	
-0.00147729	
-0.0176516	
-0.014905	
-0.00605492	
0.0317869	
-0.0295535	
-0.0191775	
0.00249	
0.0275144	
-0.0307742	
0.00615211	
0.00950904	
0.0467405	
-0.00117211	
0.00645729	
-0.00178246	
0.0214109	
0.000964121	
-0.0448122	
-0.0695315	
-0.00330834	
-0.0707522	
-0.00239281	
0.00523658	
0.0369749	
-0.0292483	
-0.0326052	
0.00462623	
0.0214109	
-0.0139895	
0.019885	
0.00645729	
0.00828834	
-0.0353518	
-0.0075808	
0.0119504	
0.073596	
-0.0722781	
-0.00269799	
-0.0142947	
-0.0185671	
-0.0884524	
-0.0451174	
-0.068616	
0.0467405	
-0.0710574	
-0.0359621	
-0.018262	
0.0320921	
-0.060071	
-0.0393191	
0.0235471	
0.0470457	
-0.0240603	
-0.0173464	
-0.0393191	
0.0931272	
-0.0915041	
0.0323972	
0.134936	
0.000964121	
-0.113782	
0.0375852	
0.0388059	
0.0296506	
-0.0496951	
-0.0319949	
0.00187965	
0.068408	
0.0037107	
0.0256834	
-0.0088015	
0.0439939	
-0.0643435	
-0.00971703	
0.00401588	
-0.00971703	
-0.0316897	
-0.0246706	
0.0192747	
0.0327024	
-0.0750246	
-0.0423708	
0.0244627	
0.0397214	
-0.0725832	
-0.0484744	
-0.0432864	
0.0366697	
0.0427732	
-0.0353518	
0.0565061	
0.0516233	
-0.0451174	
0.0208005	
0.0204954	
0.0842771	
-0.0365725	
-0.00178246	
0.0244627	
0.0549802	
-0.040845	
-0.0442019	
0.0711546	
0.0568113	
-0.035657	
0.0241575	
-0.00513939	
0.0101194	
-0.0466433	
0.0592527	
-0.0207034	
0.0174436	
-0.0417605	
0.0168333	
0.018054	
0.0168333	
-0.0765505	
-0.00178246	
-0.000256582	
0.018054	
-0.0481692	
-0.0155154	
0.00706764	
0.0745115	
-0.147656	
-0.0329104	
-0.063428	
-0.0164309	
-0.0710574	
0.0247678	
0.00035377	
0.030261	
-0.0683108	
0.0177488	
-0.00941186	
-0.00483422	
-0.075635	
0.00462623	
0.040637	
0.0403318	
-0.0799075	
0.00645729	
0.0143919	
0.00767799	
-0.0719729	
0.0308713	
0.0101194	
0.00523658	
-0.0500002	
0.0336179	
-0.0152102	
-0.0152102	
-0.0701418	
-0.0576296	
0.0351438	
0.0385007	
-0.117444	
0.00554176	
-0.0161257	
-0.0210085	
-0.133618	
-0.000866934	
-0.00941186	
0.0439939	
-0.0606814	
-0.0390139	
0.0143919	
0.019885	
-0.0881472	
0.00767799	
-0.0265017	
0.00767799	
-0.0640383	
0.0119504	
-0.0142947	
0.0153074	
-0.0606814	
-0.0323	
0.0140867	
-0.0329104	
-0.0371829	
0.0427732	
0.0482664	
0.0357542	
-0.0457278	
0.0177488	
0.00493141	
0.00462623	
-0.0857058	
0.0140867	
0.00187965	
-0.00910668	
-0.0734988	
0.0119504	
0.0159177	
-0.000561758	
-0.0399294	
0.0269041	
0.0531492	
4.85937E-005	
-0.184888	
0.0290403	
-0.0207034	
0.018054	
-0.0619021	
0.0418577	
-0.00147729	
0.0357542	
-0.0789919	
0.0272092	
-0.0100222	
0.0143919	
-0.053052	
0.0186643	
4.85937E-005	
0.00706764	
-0.0960818	
0.0150022	
0.0522337	
0.0586423	
-0.138501	
0.080615	
-0.0207034	
0.0720701	
-0.0609866	
0.0562009	
-0.00971703	
0.0409421	
-0.060071	
0.0220212	
-0.0197878	
0.019885	
-0.0585452	
0.0217161	
-0.0295535	
-0.0136843	
-0.0673953	
0.0418577	
-0.0277224	
0.045825	
-0.091199	
0.0507078	
0.012866	
-0.0545779	
-0.0738039	
0.108386	
-0.0713625	
0.00523658	
-0.0731936	
0.0442991	
-0.0268069	
-0.00513939	
-0.0509158	
0.042468	
-0.0512209	
-0.000866934	
-0.0847903	
0.00249	
-0.0216189	
-0.000256582	
-0.0628176	
-0.0158205	
-0.0460329	
-0.0249758	
-0.0680056	
0.0787839	
-0.0335207	
0.0595579	
-0.104627	
0.0110349	
-0.0329104	
0.00340553	
-0.0664797	
0.0449094	
-0.0741091	
-0.00788598	
-0.0545779	
0.0211057	
-0.0231448	
-0.0295535	
-0.0619021	
0.0351438	
-0.0298586	
-0.0277224	
-0.0738039	
0.0360593	
-0.0170413	
-0.0490847	
-0.0207034	
0.0836668	
-0.0380984	
-0.0139895	
-0.0908938	
0.0516233	
-0.00208764	
0.0247678	
-0.0683108	
0.0375852	
-0.0197878	
-0.0170413	
-0.0728884	
0.0610837	
0.0125608	
-0.0393191	
-0.0829592	
0.00676246	
0.00279518	
-0.0417605	
-0.0973025	
0.0912962	
0.018054	
-0.0203982	
-0.0835696	
0.0461301	
-0.0420657	
-0.0191775	
-0.10249	
-0.014905	
-0.00788598	
-0.0692263	
-0.054883	
0.0595579	
-0.0310793	
-0.020093	
-0.0692263	
0.0467405	
-0.0216189	
-0.0753298	
-0.0753298	
0.0439939	
-0.0124636	
-0.0191775	
-0.0817385	
0.0269041	
-0.00422387	
-0.0274172	
-0.0567141	
0.0589475	
-0.0536623	
-0.00910668	
-0.0857058	
0.0244627	
-0.0112429	
-0.00391869	
-0.0780764	
0.0540647	
-0.000866934	
-0.0106326	
-0.0869265	
0.0357542	
-0.00971703	
-0.0158205	
-0.0957766	
0.0436887	
-0.00727563	
-0.00330834	
-0.106763	
0.0360593	
-0.0142947	
-0.0295535	
-0.0741091	
0.0259885	
-0.0338259	
0.00859352	
-0.108289	
0.0409421	
-0.0124636	
-0.0249758	
-0.12782	
0.0333128	
0.0159177	
0.0177488	
-0.0915041	
0.101672	
0.00584693	
-0.00819115	
-0.0902834	
0.0192747	
-0.0454226	
-0.014905	
-0.0936404	
0.0449094	
-0.0680056	
0.0442991	
-0.0820437	
0.025073	
-0.0579348	
0.00249	
-0.108899	
0.00645729	
-0.0377932	
0.0473508	
-0.00849633	
0.00279518	
-0.000561758	
0.0400266	
-0.0423708	
-0.0271121	
-0.0716677	
0.0397214	
-0.0185671	
0.0360593	
0.0415525	
-0.000256582	
-0.0866213	
0.166675	
-0.020093	
0.0186643	
-0.125073	
0.0238523	
-0.0966921	
-0.000561758	
-0.126905	
-0.0338259	
-0.030469	
-0.0615969	
-0.0341311	
0.0391111	
-0.111951	
0.00187965	
-0.157727	
-0.184278	
-0.0493899	
0.0839719	
0.00310035	
-0.0191775	
-0.0268069	
0.047656	
0.0534544	
0.0327024	
0.058032	
-0.158643	
0.0125608	
-0.0762454	
-0.329541	
0.182239	
-0.0680056	
0.187121	
-0.113782	
-0.0561038	
-0.323743	
-0.218457	
-0.118665	
-0.109204	
-0.263318	
0.260669	
-0.0786868	
1.06206	
-0.732373	
-0.0414553	
-0.194348	
-0.0841799	
-0.255689	
0.0647459	
-0.148572	
-0.0310793	
0.287219	
-0.218152	
-0.272473	
0.155688	
-0.107984	
0.936633	
-0.0689211	
-0.252332	
-0.148572	
0.0375852	
-0.100965	
-0.000256582	
-0.689954	
0.0110349	
0.595141	
-0.306653	
-0.615186	
0.0168333	
0.674792	
-0.385083	
-0.0261965	
-0.406446	
-0.665235	
-0.0597659	
-0.789136	
0.260058	
-0.556287	
-0.644483	
0.239612	
0.0940427	
0.139514	
-0.55354	
-0.0847903	
0.131579	
0.357104	
-0.0457278	
0.202685	
0.38457	
-0.143994	
-0.656079	
0.0516233	
0.739795	
0.0513181	
0.429431	
-0.330457	
0.00920387	
-0.531262	
-0.638989	
-0.00513939	
0.78374	
-0.424756	
0.0165281	
0.370837	
-0.236463	
0.52373	
0.0790891	
-1.3705	
0.414172	
-0.060071	
-0.0487795	
-0.429944	
0.539905	
-0.340833	
0.206653	
0.290271	
0.528613	
-0.0210085	
-0.875196	
-0.805615	
-0.256299	
-0.215406	
-0.138196	
0.216113	
0.131579	
0.00401588	
0.266467	
0.47185	
-0.151624	
-0.634717	
0.305224	
-0.868787	
-0.0106326	
-0.821179	
-0.223035	
-0.57887	
0.20299	
-0.00941186	
-0.0542727	
-0.283155	
-0.334729	
-0.161695	
-0.100965	
-0.530957	
0.0973997	
0.242663	
-0.385694	
-0.251416	
0.265246	
-0.0695315	
-0.0792971	
-0.282239	
-0.564527	
-0.69209	
0.0107297	
0.0562009	
-0.158643	
-0.235852	
-0.273084	
-0.332898	
0.113269	
-0.34419	
0.467578	
-0.0533572	
0.1505	
0.0543699	
0.107776	
-0.0905886	
0.0574216	
0.263415	
-0.00147729	
-0.458936	
1.13317	
0.468188	
0.0940427	
-0.320386	
0.429736	
-0.132703	
0.0464353	
0.0800046	
-0.225476	
0.0949583	
-0.366773	
0.160571	
0.699511	
0.213977	
0.133105	
-0.161695	
1.4475	
0.411731	
-0.144605	
-0.498914	
0.0534544	
0.211841	
1.70476	
0.162707	
-0.179395	
0.424548	
-0.264539	
0.305835	
-0.134839	
0.657092	
0.0970945	
-0.0539675	
0.244494	
0.950671	
1.1942	
-0.0231448	
0.4099	
0.0949583	
-0.35426	
-0.327405	
0.316821	
-0.159558	
1.1057	
0.0714597	
-0.0890627	
0.0989255	
0.314074	
0.220386	
0.260364	
0.424548	
0.10686	
-0.149793	
-0.118665	
-0.1797	
-0.202283	
0.019885	
0.101672	
0.743457	
-0.563001	
-0.599622	
0.00462623	
0.0662717	
-0.506238	
-0.483045	
-0.312451	
-0.0551882	
-0.845593	
0.234729	
-0.0957766	
-0.10127	
0.110827	
-0.611524	
0.432483	
-0.30177	
0.0845823	
0.102893	
0.276843	
-0.169019	
-0.035657	
-0.0234499	
-0.355176	
0.849658	
0.247851	
-0.436353	
-0.38844	
0.174304	
-0.432691	
0.492907	
-0.508069	
0.235339	
-0.675305	
-0.190686	
0.506946	
-0.529126	
-0.0835696	
-0.124768	
-0.447644	
-0.0118533	
0.819446	
-0.261182	
0.0891599	
1.00408	
-0.656385	
0.193835	
0.047656	
0.273181	
-0.0875369	
0.177966	
0.104114	
0.306445	
0.395251	
-0.367078	
-0.156507	
0.0171384	
-0.0533572	
-0.453137	
-0.324353	
-0.0576296	
0.339099	
-0.0298586	
0.0287351	
0.389453	
-0.353345	
0.15874	
0.546313	
1.0642	
0.454761	
0.218554	
-0.38783	
-0.497693	
0.236255	
-0.0994387	
-0.662793	
0.301867	
0.258838	
-0.464734	
-0.296887	
0.302783	
0.46239	
-0.172376	
-0.0451174	
0.552722	
0.361072	
-0.0738039	
0.199328	
-0.0152102	
0.372668	
0.163928	
-0.142468	
-0.339307	
0.842944	
0.489856	
0.455371	
-0.20564	
-0.0432864	
-0.0344363	
-0.0979128	
0.304309	
0.0262937	
-0.183972	
-0.875806	
0.0238523	
-0.638684	
0.381518	
0.177661	
0.382739	
-0.195874	
1.10265	
-0.270948	
-0.569409	
-0.0124636	
-0.305432	
0.0488767	
0.43584	
-0.0323	
0.428821	
-0.117444	
0.133716	
0.206958	
0.408984	
-0.473279	
0.556079	
0.344287	
0.747729	
0.508166	
0.481006	
0.856372	
0.217639	
0.0119504	
0.0192747	
0.582934	
-0.953015	
-0.982617	
0.468188	
-1.8188	
-0.269727	
0.137378	
0.102588	
0.376941	
0.181933	
0.138598	
0.0558958	
-0.281934	
0.235644	
0.137988	
0.0442991	
-0.341443	
-0.801953	
0.238391	
-0.148267	
-0.10249	
-0.581922	
0.238391	
-0.674695	
0.0629148	
-0.0994387	
0.0803098	
0.178576	
-0.512952	
0.188037	
0.0937376	
-0.0796023	
0.404101	
-0.323743	
0.36626	
-0.0765505	
-0.00239281	
0.0107297	
0.21062	
-0.121717	
0.096179	
-0.236768	
0.307971	
-0.127515	
-0.00544457	
-0.56117	
0.441028	
0.812732	
-0.0298586	
-0.651502	
-0.242566	
0.0461301	
0.373889	
-0.356092	
-0.221204	
-0.0405398	
0.766345	
-0.217542	
-0.391492	
-0.0365725	
-0.0127688	
0.341845	
-0.0219241	
0.413867	
0.730029	
0.197802	
0.215503	
-0.118665	
0.452624	
-0.103101	
0.0467405	
-0.020093	
0.0171384	
-0.544995	
-0.177564	
-0.109815	
0.0864133	
0.752917	
0.197802	
-0.342359	
-0.272779	
-0.192212	
-0.108594	
-0.120191	
-0.147046	
-0.267896	
-0.0759402	
0.0540647	
-0.557508	
0.596972	
0.0296506	
0.444079	
-0.404004	
0.108386	
0.0943479	
-0.12721	
-0.138501	
0.188342	
-0.137891	
-0.0542727	
-0.126599	
-0.131787	
0.179187	
-0.307263	
1.14019	
-0.0881472	
0.352832	
0.0922117	
0.198413	
-0.0472537	
-0.0207034	
-0.31062	
0.170337	
0.0854978	
-0.254773	
-0.0838747	
0.533191	
0.0647459	
0.244494	
-0.0240603	
0.247546	
0.0442991	
0.0400266	
-0.0442019	
0.0125608	
-0.0261965	
0.203906	
-0.121717	
0.40166	
-0.0683108	
-0.0542727	
-0.0524416	
-0.0319949	
0.0851926	
0.247851	
0.0745115	
-0.0518313	
-0.0936404	
0.351611	
0.0870237	
-0.0716677	
0.0223264	
0.0717649	
-0.0283328	
-0.065259	
-0.0762454	
-0.0240603	
-0.0622073	
-0.172376	
0.127002	
0.18468	
0.21123	
-0.00330834	
-0.0277224	
0.198108	
-0.113782	
-0.181531	
-0.18855	
0.248157	
-0.0448122	
-0.030469	
-0.063428	
0.116626	
-0.152539	
-0.0161257	
-0.0533572	
0.0385007	
-0.117444	
-0.0365725	
-0.0246706	
-0.0359621	
0.0412473	
-0.344495	
0.0278196	
-0.00330834	
-0.065259	
-0.0219241	
0.0275144	
0.10625	
-0.0326052	
0.0729856	
0.00950904	
-0.0423708	
-0.0145998	
0.00981422	
0.0183591	
-0.0338259	
0.0339231	
-0.0365725	
0.080615	
-0.0246706	
0.0870237	
-0.0188723	
-0.047864	
0.0281248	
-0.068616	
0.00981422	
0.00920387	
-0.00330834	
-0.0496951	
0.0110349	
0.00493141	
0.045825	
-0.0261965	
0.0284299	
0.0436887	
0.0815305	
-0.0365725	
-0.0142947	
0.0223264	
0.059863	
-0.0484744	
0.163012	
-0.00727563	
0.0479612	
0.0818357	
0.0577268	
-0.00544457	
-0.140332	
-0.0176516	
-0.040845	
0.0122556	
0.0247678	
-0.0228396	
-0.00819115	
0.0256834	
0.0296506	
-0.0423708	
0.035449	
0.019885	
0.0537595	
-0.0063601	
-0.0124636	
0.00981422	
-0.0118533	
-0.0628176	
0.00859352	
-0.0390139	
0.0400266	
-0.0338259	
0.019885	
0.0781736	
0.0156126	
0.100757	
0.0449094	
0.0558958	
0.116931	
-0.0344363	
-0.0420657	
0.0323972	
0.025073	
-0.0332156	
0.0113401	
0.03728	
0.0125608	
-0.0402346	
0.00920387	
-0.020093	
0.023242	
-0.0240603	
0.0153074	
0.0552854	
0.0415525	
-0.0658694	
-0.0228396	
-0.020093	
-0.0185671	
0.0488767	
0.0241575	
0.0229368	
0.0201902	
-0.0564089	
0.0500974	
0.0363645	
0.00462623	
-0.0316897	
0.0153074	
0.0159177	
0.0177488	
-0.0216189	
0.0113401	
0.0327024	
0.0208005	
-0.035657	
-0.0155154	
0.0330076	
0.00920387	
-0.0298586	
-0.0240603	
0.0369749	
0.00889869	
-0.0841799	
-0.0915041	
0.0351438	
0.0134763	
-0.00513939	
0.0189695	
0.0134763	
-0.00178246	
-0.00941186	
-0.0170413	
0.0131712	
-0.0161257	
-0.0197878	
-0.00483422	
0.0211057	
-0.00513939	
-0.0216189	
-0.00513939	
-0.00239281	
-0.0118533	
-0.0136843	
-0.00483422	
0.0296506	
0.018054	
-0.0191775	
-0.0075808	
0.0177488	
0.0122556	
-0.0329104	
0.00706764	
0.030261	
-0.000256582	
-0.0399294	
-0.00483422	
0.0189695	
0.0510129	
-0.00330834	
-0.0246706	
0.0449094	
-0.0268069	
-0.0570193	
0.0113401	
0.0375852	
0.0125608	
-0.0332156	
-0.0176516	
0.0299558	
-0.00697045	
-0.0133791	
0.0122556	
0.0375852	
0.00950904	
-0.0289431	
-0.0136843	
-0.0158205	
-0.0338259	
0.00615211	
0.0366697	
0.0586423	
0.00523658	
0.0186643	
0.0385007	
-0.0133791	
-0.0243655	
-0.00697045	
-0.00208764	
0.0629148	
0.0430784	
-0.00117211	
-0.00147729	
0.0183591	
0.00035377	
-0.0121584	
-0.0063601	
0.059863	
0.00981422	
-0.0194827	
-0.00574975	
0.0241575	
0.018054	
0.00554176	
-0.00147729	
0.014697	
-0.0448122	
-0.0817385	
0.0562009	
0.075427	
-0.00330834	
0.00035377	
0.0513181	
0.00523658	
-0.0142947	
-0.0255862	
0.00279518	
0.0226316	
-0.0109377	
-0.0127688	
-0.0185671	
0.0296506	
-0.018262	
-0.00971703	
0.0333128	
0.0385007	
-0.0585452	
-0.0240603	
-0.0164309	
0.0446043	
-0.0448122	
0.0290403	
0.0674924	
0.0647459	
-0.025281	
-0.0326052	
0.0732908	
0.00828834	
-0.0435915	
0.00737281	
-0.0170413	
0.0189695	
-0.0243655	
-0.00117211	
0.0131712	
0.0394163	
-0.0228396	
-0.0231448	
0.0165281	
0.0473508	
-0.0075808	
0.0317869	
0.0391111	
0.160571	
-0.0680056	
-0.0133791	
0.0253782	
0.0134763	
-0.0414553	
-0.0289431	
-0.00422387	
0.00035377	
-0.0518313	
-0.00666527	
0.0012693	
0.025073	
-0.0515261	
-0.00300316	
-0.0197878	
0.0385007	
-0.0405398	
-0.0219241	
-0.00849633	
0.0351438	
-0.0243655	
-0.0106326	
0.0412473	
0.0214109	
0.0375852	
-0.0170413	
0.0323972	
-0.0438967	
-0.00544457	
0.0162229	
-0.0100222	
0.0870237	
-0.0265017	
-0.0246706	
0.00676246	
0.0272092	
-0.0371829	
0.012866	
-0.00178246	
0.042468	
-0.0338259	
-0.0142947	
-0.020093	
0.0497922	
-0.0594607	
-0.0323	
0.0461301	
0.0287351	
-0.0570193	
0.0479612	
0.0342283	
-0.0228396	
-0.0292483	
0.00401588	
0.00035377	
0.0589475	
-0.0161257	
-0.0258913	
0.0140867	
0.0442991	
-0.0307742	
-0.0136843	
-0.00971703	
0.0323972	
-0.0329104	
0.00706764	
0.0244627	
0.0122556	
-0.0255862	
-0.0332156	
0.0107297	
0.0491819	
-0.0164309	
-0.0438967	
-0.0780764	
0.070239	
-0.0591555	
-0.0142947	
0.00523658	
0.03728	
-0.0628176	
0.00981422	
0.018054	
0.0363645	
-0.0625124	
0.00249	
0.0284299	
0.0290403	
-0.0680056	
-0.0359621	
-0.00147729	
0.0360593	
-0.0664797	
-0.00483422	
0.0357542	
0.0293455	
-0.0640383	
-0.00941186	
0.00737281	
0.0391111	
-0.0490847	
0.0110349	
0.0204954	
0.0299558	
-0.0625124	
-0.0258913	
-0.0219241	
0.0171384	
-0.0435915	
0.0333128	
0.0104246	
0.0415525	
-0.120496	
-0.0243655	
0.0134763	
0.0235471	
-0.0921145	
0.0137815	
0.0137815	
0.0131712	
-0.0716677	
-0.000256582	
0.0204954	
0.0287351	
-0.0838747	
0.0104246	
0.012866	
0.0290403	
-0.0423708	
-0.000866934	
0.0116453	
0.0235471	
-0.0673953	
0.0391111	
0.0134763	
0.00279518	
-0.0493899	
0.00279518	
0.0214109	
-0.0307742	
-0.0576296	
-0.014905	
0.00706764	
0.0171384	
-0.0716677	
0.00950904	
-0.0121584	
0.0333128	
-0.0673953	
0.0122556	
0.00523658	
0.0134763	
-0.0698367	
0.0244627	
0.0360593	
-0.00391869	
-0.0362673	
0.0439939	
0.00310035	
0.0244627	
-0.0957766	
0.0110349	
0.0012693	
0.0235471	
-0.0289431	
0.0265989	
-0.0100222	
0.0137815	
-0.0359621	
0.0140867	
0.0217161	
0.0140867	
-0.0725832	
0.0330076	
0.0140867	
0.0339231	
-0.0561038	
0.00767799	
-0.0088015	
0.00706764	
-0.0380984	
-0.042676	
-0.0323	
-0.0234499	
-0.0707522	
0.0442991	
-0.0506106	
0.012866	
-0.0692263	
0.0189695	
0.0113401	
-0.00697045	
-0.047864	
0.00554176	
0.0122556	
0.0229368	
-0.0799075	
0.0153074	
-0.0145998	
0.0369749	
-0.0731936	
0.030261	
-0.00849633	
0.0275144	
-0.035657	
0.0171384	
-0.0490847	
-0.018262	
0.0037107	
0.00828834	
0.0336179	
0.014697	
-0.0738039	
0.0134763	
0.0107297	
0.0156126	
-0.0539675	
0.0381956	
-0.0170413	
0.000964121	
-0.0649538	
0.00157447	
0.00401588	
0.0156126	
-0.0637331	
0.0699338	
0.0140867	
-0.00941186	
-0.102796	
0.0745115	
-0.128125	
-0.0268069	
-0.124463	
-0.0167361	
-0.00208764	
-0.037488	
-0.0695315	
0.019885	
0.00462623	
-0.00513939	
-0.0695315	
0.0284299	
-0.00819115	
0.023242	
-0.0820437	
0.112353	
-0.0332156	
-0.00971703	
-0.0612917	
0.0360593	
-0.0219241	
-0.0109377	
-0.0341311	
0.0287351	
-0.0319949	
0.00157447	
-0.0689211	
0.0681028	
-0.00697045	
-0.00666527	
-0.0646487	
0.0314817	
-0.0298586	
-0.0246706	
-0.0805178	
0.00218482	
-0.0103274	
-0.00697045	
-0.0811282	
0.0882444	
-0.00513939	
0.00645729	
-0.0573245	
0.0656614	
-0.0606814	
0.0165281	
-0.091199	
0.0562009	
-0.0176516	
-0.025281	
-0.0832644	
0.0427732	
-0.0835696	
-0.00910668	
-0.0731936	
0.0494871	
-0.0414553	
-0.00239281	
-0.063428	
0.065051	
-0.0246706	
0.0226316	
-0.0658694	
0.0385007	
-0.0222292	
-0.00269799	
-0.0597659	
0.0601682	
-0.0197878	
-0.0173464	
-0.0637331	
0.047656	
-0.0185671	
-0.00483422	
-0.0588503	
0.030261	
-0.0179568	
-0.0332156	
-0.0606814	
0.0558958	
0.0223264	
-0.0155154	
-0.0692263	
0.0433836	
-0.0075808	
-0.0188723	
-0.0438967	
0.0473508	
-0.0774661	
-0.0536623	
-0.168408	
0.101062	
0.0122556	
-0.0329104	
-0.0536623	
0.0641355	
0.00767799	
-0.00971703	
-0.0655642	
0.0549802	
-0.0210085	
-0.0298586	
-0.0655642	
0.0522337	
-0.0219241	
-0.0353518	
-0.0838747	
0.0449094	
-0.0109377	
0.0394163	
-0.0838747	
0.0482664	
-0.00941186	
-0.0228396	
-0.0921145	
0.0763425	
-0.0142947	
-0.0191775	
-0.0762454	
0.0540647	
-0.00330834	
0.00798316	
-0.0872317	
0.0418577	
-0.00819115	
-0.020093	
-0.0802126	
-0.000866934	
-0.0100222	
0.00249	
-0.0988284	
0.0351438	
-0.0185671	
-0.0222292	
-0.0863162	
0.0357542	
-0.0210085	
-0.020093	
-0.0753298	
0.023242	
0.0204954	
0.0201902	
-0.0734988	
0.0247678	
-0.0344363	
-0.0265017	
-0.0747195	
0.0516233	
-0.0197878	
-0.0313845	
-0.0603762	
0.0339231	
-0.0228396	
-0.00666527	
-0.0731936	
0.0516233	
-0.0219241	
-0.0265017	
-0.0887576	
0.0626096	
-0.00178246	
-0.0362673	
-0.143994	
0.0394163	
0.0226316	
-0.0112429	
-0.0869265	
0.0174436	
-0.102185	
0.00187965	
-0.122327	
0.0369749	
-0.0710574	
-0.0271121	
-0.091199	
0.0571165	
-0.0139895	
-0.0265017	
-0.121106	
0.125476	
-0.0640383	
-0.0194827	
-0.170545	
0.138293	
0.0336179	
-0.070447	
0.0299558	
0.0162229	
-0.0750246	
0.0729856	
-0.0902834	
-0.0316897	
0.0345335	
-0.0380984	
-0.0918093	
-0.0207034	
-0.131482	
0.248767	
-0.130872	
0.0845823	
0.0717649	
0.124865	
-0.0902834	
0.0381956	
-0.0341311	
0.132495	
-0.00361352	
-0.132093	
-0.263318	
0.43584	
-0.117139	
-0.165052	
-0.0991335	
0.105945	
0.14104	
-0.00422387	
-0.0893679	
-0.115308	
-0.274304	
-0.240735	
-0.0631228	
-0.195264	
0.00035377	
0.0342283	
0.162097	
0.0504026	
0.0195798	
-0.169019	
0.0562009	
0.432788	
-0.211743	
0.458117	
0.0235471	
-0.137891	
-0.111035	
0.238696	
0.143786	
-0.425977	
-0.590772	
0.193225	
-0.0927248	
-0.0249758	
0.195056	
-0.096387	
0.287219	
-0.395154	
-0.418958	
0.111133	
-0.0469485	
0.482532	
0.200854	
-0.367383	
-0.164441	
0.528613	
-0.373487	
-0.240735	
0.153857	
-0.208997	
-0.187635	
0.0101194	
0.21001	
-0.037488	
-0.801343	
-0.996961	
0.313769	
0.145312	
-0.240735	
0.58324	
0.447131	
0.0507078	
0.165759	
-0.487622	
0.0275144	
-0.403699	
-0.325879	
0.258532	
0.0934324	
-0.309705	
-0.966748	
0.181323	
-0.37013	
0.168811	
0.374804	
-0.0771609	
0.0839719	
0.0189695	
0.275622	
0.303088	
0.581408	
-0.103711	
-0.0707522	
-0.351514	
-0.138806	
0.989123	
0.329638	
-0.0115481	
-0.0258913	
0.25365	
1.13622	
0.365649	
-0.158643	
0.324145	
-0.430554	
1.10784	
-0.0850954	
-0.494641	
-0.231885	
0.418139	
0.387317	
-0.831555	
-0.0814333	
0.744983	
-0.314588	
-0.0133791	
0.0739011	
-0.229138	
0.196887	
0.477954	
-1.46144	
0.337268	
-0.187024	
-0.29231	
0.173388	
-0.442761	
0.365649	
0.702868	
-0.082654	
0.814868	
-0.0957766	
0.357715	
-0.0417605	
1.65135	
-0.152844	
0.0479612	
0.500842	
0.251513	
-0.559949	
0.491076	
-0.393018	
0.585681	
0.787402	
-0.405835	
-0.902356	
0.906726	
-0.0597659	
0.492907	
0.710498	
-0.18855	
0.460559	
-0.552014	
-0.0805178	
0.0836668	
-0.177259	
-0.302686	
0.703174	
1.52684	
-0.168103	
-0.13606	
-0.347547	
0.94945	
0.866443	
-0.162305	
-0.0957766	
0.774585	
0.756274	
-0.440625	
-0.879468	
-0.268811	
1.42827	
0.161181	
-0.46626	
0.22832	
0.325976	
0.913745	
0.617114	
0.285083	
-0.0527468	
-0.739087	
-0.236768	
0.683337	
0.291186	
0.0119504	
-0.432691	
-0.0905886	
-0.262097	
0.155383	
-1.10682	
-0.25813	
0.790149	
0.18468	
0.485888	
0.474292	
-0.204724	
1.0587	
0.465442	
-0.450086	
-0.182141	
0.0381956	
-0.091199	
-0.00178246	
-0.0829592	
0.0964841	
0.903674	
0.373889	
-0.532788	
-0.314588	
-0.0203982	
-0.497998	
-0.295667	
-0.0277224	
-0.209607	
-0.135144	
0.0742063	
-0.311536	
-0.108289	
-0.271863	
-0.10951	
-0.289258	
-0.0518313	
-1.16786	
-1.73671	
-0.306958	
-0.111341	
-0.143079	
0.530749	
0.165759	
0.0516233	
0.0516233	
-0.168408	
0.50664	
-0.0557986	
-1.00734	
-0.688428	
-0.140027	
-0.727796	
-0.0155154	
-0.166577	
0.574084	
-0.0271121	
0.0415525	
-1.14619	
-0.560864	
0.0839719	
-0.452527	
-0.346021	
0.482226	
-0.106153	
-0.0112429	
0.0827512	
-0.646009	
-0.441541	
0.773059	
0.741626	
-0.432691	
-0.268201	
0.143481	
0.266772	
-0.216321	
-0.329236	
-0.182141	
0.655871	
-0.184278	
0.0137815	
-0.15376	
-1.09919	
0.414782	
0.302478	
0.638782	
0.432483	
0.145312	
0.326587	
0.0592527	
-0.172986	
-1.65919	
-1.53987	
-0.382031	
-0.478467	
-0.0893679	
0.269824	
0.774585	
-0.105542	
0.449573	
-0.401868	
-2.00007	
0.0708494	
0.22893	
-0.33595	
0.172168	
-0.0792971	
-0.245008	
0.240527	
0.136157	
-0.253858	
0.473681	
0.00584693	
-0.0380984	
-0.428723	
0.558215	
-0.197705	
-0.281323	
-0.215711	
0.257617	
0.288745	
0.537463	
-1.04762	
-1.41993	
0.0558958	
-0.233411	
-1.02107	
-0.259046	
-0.294751	
-0.609082	
-0.0814333	
-0.0710574	
0.169421	
0.933581	
0.217334	
0.196887	
0.0766477	
0.262805	
0.640613	
-0.272168	
0.313464	
-0.5099	
0.165149	
-0.0594607	
0.131885	
0.4276	
-0.0884524	
0.227099	
0.0629148	
-0.401563	
-0.549878	
0.593921	
-0.234326	
-1.09126	
0.0562009	
-0.122327	
-0.145215	
0.0867185	
0.131274	
-0.20564	
-0.0738039	
0.156909	
-0.10188	
-0.178784	
0.390063	
0.152331	
-0.432385	
-0.014905	
-0.195874	
0.0272092	
0.236865	
-0.267285	
0.215198	
0.423938	
0.0217161	
-0.366162	
0.130359	
0.104724	
0.204211	
-0.244397	
0.448352	
0.00889869	
0.115405	
0.0824461	
-0.147046	
-0.247144	
0.126697	
0.742541	
-0.422315	
0.48894	
-0.1443	
-0.316419	
-0.152539	
-0.368909	
-0.751294	
0.12334	
0.159045	
0.00187965	
-0.132093	
0.0143919	
-0.370435	
0.520984	
-0.0945559	
0.0711546	
-0.0115481	
-0.0365725	
-0.173291	
0.0809202	
-0.295362	
-0.516614	
-0.0292483	
0.455981	
0.140124	
0.00493141	
0.0604734	
0.106555	
-0.18794	
0.342761	
-0.116223	
-0.66615	
-0.479383	
0.157214	
-0.216626	
-0.196179	
-0.346936	
0.00828834	
-0.0298586	
-0.248059	
0.795947	
-0.17909	
0.31438	
-0.0243655	
0.105334	
0.641223	
-0.393018	
-0.43971	
-0.260266	
0.274402	
-0.119275	
-0.0844851	
-0.025281	
0.0204954	
-0.114087	
-0.430249	
0.0931272	
0.0421629	
0.122119	
0.213977	
0.239612	
-0.00422387	
-0.239209	
-0.145825	
-0.104627	
-0.154981	
-0.0609866	
-0.21449	
0.059863	
0.121814	
-0.741834	
0.940295	
-0.16261	
0.0919065	
-0.0875369	
0.059863	
0.000964121	
-0.145215	
-0.217237	
0.0415525	
-0.0518313	
0.311938	
-0.0875369	
0.112964	
0.809985	
-0.468091	
-0.0899783	
-0.193433	
-0.0246706	
0.0992307	
-0.679883	
-0.1443	
0.314074	
0.151721	
-0.0976077	
0.135547	
-0.139112	
0.105029	
0.163623	
0.00462623	
0.0208005	
0.0577268	
-0.108899	
-0.155896	
0.104724	
-0.245008	
-0.250501	
-0.245313	
-0.31947	
-0.0985232	
-0.337781	
-0.0802126	
-0.00147729	
0.257617	
0.0925169	
-0.0722781	
0.0586423	
0.068408	
-0.125684	
0.0238523	
0.0552854	
0.0922117	
-0.0915041	
-0.0991335	
-0.435437	
-0.0466433	
0.104114	
0.00859352	
0.386401	
-0.0377932	
0.0879392	
0.0375852	
-0.035657	
0.100146	
-0.0115481	
0.00279518	
0.0543699	
0.107165	
-0.0811282	
-0.0109377	
0.0385007	
0.0415525	
-0.0255862	
-0.0585452	
0.042468	
0.133105	
0.00249	
0.0800046	
0.241443	
-0.0100222	
-0.00727563	
0.113574	
-0.0405398	
0.0342283	
-0.0722781	
-0.0063601	
-0.0063601	
0.0821409	
-0.0509158	
-0.0274172	
0.0220212	
0.0635252	
-0.0466433	
0.00401588	
-0.0155154	
-0.000561758	
-0.0258913	
0.0629148	
0.0644407	
-0.0448122	
-0.0649538	
-0.0954714	
0.0339231	
0.0711546	
-0.0194827	
0.0366697	
0.0253782	
0.052844	
-0.0905886	
-0.0261965	
0.0366697	
0.0418577	
-0.0527468	
0.0162229	
0.00340553	
-0.00361352	
-0.0249758	
0.0241575	
0.0494871	
-0.00910668	
-0.0316897	
-0.05824	
-0.00483422	
0.0504026	
-0.0316897	
0.00981422	
0.0470457	
0.0433836	
-0.0438967	
-0.00239281	
0.0211057	
0.139209	
0.00279518	
-0.00971703	
0.0381956	
0.0436887	
-0.0222292	
-0.0136843	
0.03728	
0.0867185	
-0.00452904	
0.0208005	
0.068408	
0.0937376	
-0.0496951	
-0.0741091	
0.00889869	
0.196277	
0.0290403	
0.0488767	
0.0595579	
0.0375852	
-0.0139895	
0.0168333	
0.0317869	
0.0296506	
-0.0234499	
0.0162229	
0.000964121	
0.0320921	
-0.0365725	
0.0308713	
-0.0207034	
-0.0173464	
-0.0075808	
-0.0493899	
0.0357542	
-0.00483422	
0.0131712	
-0.0112429	
0.00920387	
0.040637	
-0.0292483	
0.0159177	
0.0311765	
0.0552854	
-0.020093	
0.0159177	
0.0482664	
0.012866	
-0.0155154	
0.0208005	
0.0305662	
0.0165281	
-0.0649538	
0.0113401	
0.00767799	
0.0351438	
0.00645729	
0.0385007	
-0.0585452	
0.00981422	
-0.0249758	
-0.00391869	
-0.060071	
0.0229368	
-0.0145998	
-0.0188723	
-0.0222292	
-0.00910668	
-0.0271121	
-0.0155154	
0.0531492	
0.0385007	
0.045825	
0.0363645	
0.06322	
0.052844	
-0.0301638	
-0.0390139	
0.0433836	
0.0116453	
0.0430784	
0.00889869	
0.0442991	
0.0241575	
0.00554176	
0.018054	
0.0165281	
-0.0588503	
-0.0127688	
0.00035377	
0.00737281	
0.00859352	
0.00157447	
0.0345335	
0.00340553	
0.0174436	
0.0037107	
-0.00147729	
0.0543699	
0.0903806	
0.00401588	
0.00615211	
0.0409421	
-0.0112429	
-0.0243655	
-0.0387087	
0.0290403	
0.0290403	
-0.00513939	
0.0320921	
0.00798316	
-0.00910668	
-0.0277224	
0.0107297	
-0.0115481	
0.0226316	
-0.0393191	
-0.00178246	
0.00615211	
0.0223264	
-0.018262	
0.00798316	
0.0104246	
0.0418577	
-0.0280276	
0.0418577	
-0.0088015	
-0.0435915	
-0.0155154	
-0.0249758	
0.0284299	
-0.00819115	
-0.0274172	
0.018054	
0.0256834	
-0.0127688	
-0.0100222	
0.0143919	
0.0546751	
0.0159177	
-0.0176516	
-0.0173464	
-0.0268069	
0.00187965	
-0.0246706	
-0.0258913	
0.0583372	
0.00218482	
-0.0109377	
-0.0301638	
0.0693235	
-0.0158205	
-0.0460329	
-0.0188723	
0.00828834	
0.0415525	
-0.00452904	
-0.0405398	
0.0186643	
-0.00819115	
-0.0228396	
0.000964121	
0.0369749	
-0.0194827	
-0.0210085	
0.00401588	
0.0137815	
0.0131712	
-0.0231448	
-0.0658694	
0.0211057	
0.0317869	
-0.0106326	
0.00889869	
0.0436887	
0.00310035	
-0.0390139	
-0.000256582	
0.0284299	
-0.00819115	
-0.0109377	
-0.00483422	
0.0949583	
0.0638303	
-0.0576296	
-0.042676	
0.00584693	
-0.0240603	
-0.0384036	
-0.0533572	
-0.0115481	
0.00798316	
-0.00269799	
0.0165281	
0.040637	
0.0183591	
0.000964121	
0.0433836	
-0.0127688	
-0.0432864	
-0.035657	
0.018054	
0.0189695	
-0.0310793	
0.00645729	
-0.013074	
0.0421629	
-0.0088015	
-0.0255862	
0.018054	
-0.00849633	
-0.0274172	
0.00981422	
-0.00697045	
0.0269041	
-0.030469	
-0.0100222	
-0.00727563	
0.0287351	
-0.0475588	
-0.025281	
0.0668821	
0.058032	
-0.0350466	
-0.0203982	
0.0037107	
0.0500974	
-0.0710574	
0.00828834	
0.0577268	
0.0339231	
-0.0118533	
-0.00849633	
0.0171384	
0.0729856	
0.0137815	
-0.040845	
-0.0133791	
0.0208005	
-0.035657	
0.0537595	
0.0241575	
0.03728	
0.0311765	
0.0012693	
0.0427732	
0.0238523	
-0.0310793	
-0.00452904	
0.019885	
0.00493141	
-0.0438967	
-0.035657	
0.0378904	
0.092822	
-0.0429812	
-0.00391869	
0.0659666	
0.0571165	
-0.0518313	
-0.0933352	
0.00462623	
0.0674924	
-0.0524416	
-0.0191775	
0.0107297	
0.0150022	
-0.0207034	
0.00310035	
0.0208005	
0.0201902	
-0.0545779	
0.0339231	
0.0244627	
0.0357542	
-0.0414553	
-0.000256582	
0.0320921	
0.0235471	
-0.0512209	
0.00737281	
0.00676246	
0.023242	
-0.111646	
0.0223264	
0.0394163	
0.0439939	
-0.0597659	
0.0131712	
0.0162229	
0.0265989	
-0.0973025	
0.0485715	
0.0195798	
0.0601682	
-0.0594607	
0.0513181	
-0.00391869	
0.0540647	
-0.0344363	
0.0504026	
0.0287351	
0.0195798	
-0.0579348	
4.85937E-005	
0.0214109	
0.0674924	
0.0293455	
-0.0475588	
-0.0188723	
0.0314817	
-0.0576296	
-0.00361352	
0.00828834	
0.0217161	
-0.075635	
0.073596	
0.0110349	
0.0278196	
-0.0670901	
-0.00147729	
-0.00483422	
0.058032	
-0.0637331	
-0.00208764	
0.0446043	
-0.0124636	
-0.00422387	
0.0217161	
0.0153074	
0.136767	
-0.080823	
-0.000561758	
-0.0237551	
0.0217161	
-0.0915041	
0.0122556	
0.00462623	
0.00828834	
-0.0948611	
-0.0222292	
0.00401588	
0.0104246	
-0.0579348	
0.00554176	
0.0262937	
0.0201902	
-0.0500002	
0.0165281	
0.0159177	
0.0116453	
-0.0448122	
0.0150022	
0.047656	
0.0137815	
-0.0951663	
0.0208005	
-0.00849633	
-0.0063601	
-0.0655642	
4.85937E-005	
0.00645729	
0.0269041	
-0.0725832	
0.0284299	
0.0311765	
0.0165281	
-0.0667849	
0.0223264	
-0.0402346	
0.0381956	
-0.047864	
0.0360593	
0.00249	
0.00889869	
-0.0277224	
0.0369749	
0.00828834	
0.0311765	
-0.0701418	
0.0391111	
0.012866	
0.0153074	
-0.0738039	
0.0137815	
-0.0261965	
-0.0222292	
-0.0695315	
0.0681028	
-0.0191775	
0.0012693	
-0.0728884	
-0.0075808	
-0.00727563	
-0.0133791	
-0.0979128	
-0.104932	
0.018054	
0.00584693	
-0.0707522	
0.0220212	
0.00706764	
-0.0353518	
-0.114698	
0.0345335	
-0.0213137	
-0.0225344	
-0.0585452	
0.00340553	
-0.0075808	
0.0369749	
-0.0884524	
0.0229368	
-0.0228396	
0.00981422	
-0.0521365	
0.045825	
-0.107373	
-0.0365725	
-0.0713625	
0.0342283	
-0.0155154	
-0.00605492	
-0.0777712	
0.0638303	
-0.0469485	
-0.00178246	
-0.0960818	
0.0552854	
0.0305662	
-0.0640383	
-0.0429812	
0.087634	
-0.0155154	
0.0168333	
-0.0481692	
0.0357542	
0.0131712	
-0.00941186	
-0.0442019	
0.0211057	
-0.0261965	
0.00249	
0.00889869	
0.103503	
-0.0277224	
4.85937E-005	
-0.0661746	
0.0293455	
0.00157447	
-0.0173464	
-0.0887576	
0.0809202	
0.10686	
-0.0152102	
-0.0927248	
0.0153074	
-0.0185671	
-0.0524416	
-0.0973025	
0.0449094	
0.0171384	
-0.0136843	
-0.0561038	
0.0360593	
-0.0280276	
-0.0112429	
-0.100354	
0.0183591	
-0.0246706	
0.00279518	
-0.0814333	
0.0357542	
-0.0283328	
0.00310035	
-0.142468	
0.0403318	
-0.0338259	
-0.0118533	
-0.0451174	
0.0873289	
0.00767799	
-0.0155154	
-0.0838747	
0.0720701	
0.0253782	
-0.0323	
-0.0539675	
0.0546751	
-0.0231448	
-0.0255862	
-0.0747195	
0.0534544	
-0.00483422	
0.030261	
-0.0557986	
0.0394163	
-0.00330834	
0.0186643	
-0.000561758	
-0.0136843	
0.0140867	
0.000658945	
-0.0564089	
0.0690183	
-0.00330834	
-0.0240603	
-0.129346	
0.0449094	
-0.0536623	
-0.0188723	
-0.0893679	
0.0998411	
0.0211057	
-0.014905	
-0.103406	
0.159045	
-0.0924197	
-0.00117211	
-0.0796023	
0.0241575	
0.012866	
0.0854978	
-0.0893679	
0.0253782	
-0.0121584	
-0.00239281	
-0.0664797	
0.090991	
-0.0557986	
0.0418577	
-0.0731936	
0.0616941	
-0.0145998	
-0.00117211	
-0.0985232	
0.012866	
-0.00391869	
0.0439939	
-0.0384036	
0.0757322	
-0.0564089	
-0.0545779	
-0.137891	
0.030261	
-0.0152102	
-0.0332156	
-0.082654	
-0.00971703	
-0.0338259	
-0.0484744	
-0.0777712	
0.0513181	
-0.0194827	
-0.0152102	
-0.0371829	
0.0720701	
-0.0347414	
-0.0203982	
-0.0875369	
-0.00727563	
0.0525388	
-0.108289	
0.0601682	
-0.0136843	
0.0601682	
-0.00544457	
-0.11897	
0.0616941	
-0.000256582	
4.85937E-005	
-0.0557986	
0.0385007	
0.275622	
0.00432105	
-0.255078	
0.196582	
-0.163831	
-0.0350466	
0.0391111	
-0.0399294	
-0.122327	
-0.184278	
-0.263623	
-0.0728884	
-0.394239	
-0.103406	
-0.0362673	
0.0836668	
-0.00391869	
0.0323972	
-0.0844851	
0.384265	
-0.0802126	
-0.274304	
-0.119275	
-0.0570193	
0.542651	
0.030261	
0.00889869	
-0.0487795	
-0.0332156	
0.694323	
-0.0692263	
0.0265989	
-0.348157	
0.543567	
-0.0103274	
-0.183667	
0.607043	
0.571338	
-0.208997	
0.300036	
0.00462623	
0.0644407	
1.14202	
-0.393628	
-0.226087	
0.0626096	
-0.757093	
-0.342359	
0.521289	
0.200854	
-0.485791	
0.120288	
0.0586423	
0.14165	
0.213672	
-0.237989	
0.140429	
1.43468	
0.242663	
-0.315808	
-0.209302	
0.101062	
-0.158338	
-0.892285	
-0.20564	
-0.198621	
0.772143	
-0.122022	
0.67052	
0.208484	
-0.90846	
-0.246839	
0.465442	
-0.565747	
-0.082654	
-0.87428	
-0.0542727	
-0.175427	
0.0635252	
-0.996961	
1.10051	
0.553027	
0.103808	
0.277148	
0.86217	
0.437976	
0.528613	
0.21001	
0.154773	
-0.362805	
1.14965	
-0.178174	
0.744677	
-0.401258	
-1.15382	
-0.297803	
-0.280103	
0.137683	
-0.317945	
0.00584693	
-1.12178	
-0.16261	
0.0522337	
-0.209912	
0.0455198	
-0.328015	
0.164538	
0.500232	
0.312243	
-0.399121	
0.0629148	
0.0623045	
0.113879	
-0.767163	
0.0586423	
0.434924	
0.892993	
0.00462623	
-0.26576	
-0.189771	
-0.109815	
-0.736341	
-0.208386	
0.323535	
-0.197705	
0.208789	
-0.721387	
0.230761	
-0.0786868	
0.239612	
-0.0387087	
0.509997	
-0.674695	
0.0366697	
0.0525388	
0.569201	
-0.384778	
0.0504026	
-0.174512	
0.93053	
0.0662717	
1.15239	
2.11949	
-0.143079	
-0.116834	
-0.0063601	
0.405932	
-0.564832	
-0.663709	
0.0113401	
0.510608	
0.727282	
2.56963	
0.235339	
-0.305432	
-0.182752	
-0.0936404	
-0.688123	
-0.784558	
0.248462	
-0.183667	
-0.458325	
-0.524854	
0.169726	
-0.317334	
-0.042676	
-0.00452904	
-0.397595	
-0.349988	
0.273181	
-0.251416	
-0.143079	
-0.90083	
0.726977	
0.174304	
0.908557	
-0.184888	
-0.178784	
-0.060071	
-0.764417	
-0.737561	
0.211841	
-0.233106	
0.417224	
1.11516	
0.568286	
-0.693616	
-0.203504	
0.566455	
-0.324964	
0.238391	
0.428515	
-0.416822	
-1.15413	
0.278369	
-0.382642	
0.47063	
-0.0823489	
0.0903806	
0.346728	
1.49694	
0.22832	
0.0311765	
-0.194043	
-0.764112	
-0.651197	
-0.0298586	
-0.104627	
-0.583142	
0.21123	
0.246936	
0.0796995	
0.00889869	
-0.172986	
-0.517835	
-0.047864	
0.0955686	
-0.485791	
-0.621289	
-0.781201	
-0.203504	
-0.490064	
0.140429	
0.0525388	
0.612231	
-0.522107	
-1.24324	
-0.413465	
0.0568113	
1.07976	
-0.537061	
1.06725	
-0.474805	
0.107165	
0.0635252	
-0.848645	
0.46178	
-0.505017	
-0.527906	
1.04924	
0.00645729	
-0.317945	
-0.349683	
-0.115918	
0.0421629	
-0.0210085	
0.14104	
0.296985	
-1.2118	
0.462695	
0.265246	
0.154162	
0.32445	
0.291491	
-0.0973025	
0.105334	
0.767566	
-0.224866	
0.014697	
-0.368909	
0.430652	
0.326892	
-0.350904	
1.48076	
0.976611	
0.895434	
-0.0088015	
-0.248364	
-0.609998	
0.110827	
0.154162	
-0.214795	
-0.10951	
-0.630139	
-0.363416	
-0.669202	
-0.551099	
0.0357542	
0.608264	
0.0955686	
-0.0118533	
0.131579	
-0.0124636	
0.080615	
-0.194654	
0.383655	
-0.324964	
0.113269	
0.814258	
0.949145	
-0.354566	
-0.230054	
-0.182141	
-0.160169	
-0.143079	
-0.682019	
0.304614	
-0.840711	
0.433703	
0.1505	
-0.119275	
-0.291089	
0.473376	
-0.315198	
-2.26558	
-1.33174	
0.329028	
-0.142468	
-0.63136	
-0.218152	
-0.277051	
-0.398206	
-0.897168	
-1.1468	
0.260364	
0.282641	
0.112658	
-0.00941186	
0.16698	
-0.130872	
-0.465039	
0.104419	
0.119677	
-0.000561758	
-0.177259	
-0.0689211	
-0.138806	
0.121203	
0.380908	
0.295764	
-0.14491	
-0.119885	
-0.164136	
0.909778	
-0.693006	
0.301257	
0.986987	
0.0214109	
0.00645729	
0.568286	
-0.260877	
0.198718	
-0.122327	
0.144092	
0.135547	
-0.156812	
0.2802	
-0.519666	
0.358935	
-0.522412	
-0.18031	
0.989123	
-0.592603	
0.168811	
0.0781736	
-0.248975	
0.0653562	
-0.30177	
-0.844983	
0.0265989	
0.00493141	
-0.0225344	
0.224048	
0.00310035	
0.00615211	
-0.571851	
-0.572766	
0.148974	
0.221606	
-0.462903	
0.709887	
0.663196	
-0.64784	
0.198718	
-0.151929	
0.221301	
0.0327024	
0.159045	
-0.131177	
0.490466	
-0.400952	
-0.117444	
-0.272168	
-0.488843	
-0.0789919	
-0.564832	
-0.609082	
-0.108594	
0.073596	
0.527392	
1.1173	
-0.348157	
0.0781736	
-0.220899	
-0.264539	
-0.125989	
0.0125608	
0.100757	
0.726977	
1.04314	
-0.128125	
0.0357542	
0.124255	
-0.322827	
0.0827512	
-0.0136843	
-1.38179	
0.195056	
0.206958	
0.304614	
0.0131712	
0.108996	
0.530139	
-0.6573	
-0.0957766	
-0.182141	
0.0388059	
-0.0384036	
-0.0481692	
0.239917	
-0.125379	
0.0110349	
-0.653943	
1.34465	
0.0610837	
0.17644	
-0.0869265	
0.0931272	
-0.154065	
0.0864133	
-0.0643435	
0.408679	
0.137378	
-0.106153	
-0.00574975	
-0.136365	
1.46123	
0.535632	
-0.294751	
-0.10249	
-0.255078	
-0.0591555	
0.131579	
-0.037488	
-0.280103	
0.173694	
-0.0658694	
-0.384778	
-0.00727563	
0.285998	
-0.276441	
0.816394	
0.163623	
0.317126	
0.486194	
-0.0460329	
-0.373792	
0.0290403	
-0.0579348	
0.389148	
-0.0533572	
0.200549	
0.356494	
0.416003	
-0.595655	
-0.279798	
-0.103711	
-0.624341	
0.508777	
0.686084	
0.122729	
-0.0731936	
-0.133924	
0.0241575	
0.338794	
0.113269	
-0.0899783	
0.0745115	
0.0461301	
0.070239	
0.791675	
-0.262097	
0.404407	
-0.302991	
0.0397214	
-0.172986	
-0.168408	
0.0278196	
0.105639	
-0.0405398	
0.234729	
-0.34419	
-0.28468	
0.0159177	
0.0229368	
0.0592527	
-0.00941186	
0.00401588	
4.85937E-005	
-0.0155154	
0.206042	
0.278064	
-0.20503	
0.136157	
-0.158643	
-0.0585452	
0.0574216	
0.0339231	
-0.0765505	
-0.0161257	
0.0534544	
0.0699338	
-0.0222292	
0.00828834	
0.0500974	
-0.0445071	
-0.238904	
0.0400266	
0.0583372	
-0.340528	
-0.141248	
-0.0561038	
-0.196179	
0.0796995	
-0.216321	
0.199023	
0.165759	
0.102282	
-0.0310793	
-0.00330834	
0.0156126	
0.0397214	
-0.0286379	
0.040637	
0.0174436	
-0.00849633	
0.0208005	
0.0446043	
0.0153074	
0.0327024	
-0.3448	
0.281421	
0.0589475	
0.233813	
-0.0258913	
0.100146	
0.0433836	
0.203601	
-0.020093	
0.0357542	
-0.000561758	
0.0223264	
-0.0561038	
0.00767799	
0.019885	
0.0366697	
-0.0396243	
0.0375852	
-0.068616	
0.0320921	
-0.11073	
-0.0643435	
-0.146131	
0.0766477	
-0.00697045	
-0.0118533	
0.0229368	
-0.194959	
-0.0353518	
0.0281248	
0.19292	
0.108691	
-0.347852	
-0.193433	
0.0653562	
-0.00819115	
-0.0335207	
-0.0228396	
-0.0155154	
0.0726804	
-0.0289431	
-0.0124636	
0.0201902	
0.000658945	
-0.0301638	
0.0388059	
0.042468	
0.0284299	
-0.135144	
0.0150022	
-0.0139895	
0.0137815	
-0.0673953	
-0.0625124	
0.113574	
-0.0323	
-0.068616	
0.0037107	
-0.0463381	
0.0314817	
-0.0719729	
0.0381956	
-0.00361352	
-0.0210085	
-0.0463381	
-0.0121584	
-0.0310793	
-0.0194827	
-0.0393191	
0.0742063	
0.019885	
-0.0677004	
-0.0457278	
4.85937E-005	
0.0226316	
-0.00971703	
-0.0362673	
0.0467405	
0.0461301	
0.00828834	
-0.0179568	
-0.00849633	
0.0186643	
0.0229368	
-0.0316897	
0.0293455	
0.0256834	
-0.00422387	
-0.0335207	
-0.0255862	
0.0427732	
0.00493141	
-0.0362673	
0.00798316	
0.0757322	
-0.0457278	
0.0214109	
0.145312	
0.105945	
-0.0680056	
-0.10188	
0.03728	
-0.00391869	
-0.000561758	
-0.0185671	
0.0131712	
0.0162229	
0.0104246	
-0.0249758	
0.00279518	
0.025073	
-0.0115481	
-0.0411501	
-0.0121584	
0.0177488	
0.00584693	
-0.0295535	
0.0314817	
0.0455198	
-0.0542727	
0.0171384	
-0.000256582	
0.0507078	
-0.0170413	
0.0162229	
0.00493141	
0.0409421	
-0.0429812	
-0.0243655	
0.0275144	
0.0513181	
-0.0496951	
0.0150022	
0.0110349	
0.019885	
-0.0390139	
-0.0503054	
0.00035377	
0.0391111	
-0.0564089	
-0.00147729	
0.0189695	
0.0244627	
-0.025281	
0.0272092	
0.0110349	
0.0394163	
-0.0170413	
-0.00361352	
0.0925169	
-0.00971703	
-0.042676	
-0.00971703	
0.0488767	
0.0137815	
0.00249	
0.00432105	
0.00859352	
0.0122556	
-0.030469	
-0.0170413	
-0.0414553	
0.0366697	
-0.0481692	
0.00920387	
0.0183591	
0.0296506	
-0.0451174	
-0.053052	
-0.0155154	
0.00859352	
-0.10951	
-0.0884524	
-0.00971703	
0.00981422	
0.0153074	
-0.0100222	
0.000964121	
-0.0127688	
-0.0622073	
-0.014905	
-0.0197878	
0.00249	
-0.047864	
-0.0533572	
0.0305662	
0.0342283	
-0.0765505	
0.014697	
0.0391111	
0.00584693	
-0.0948611	
-0.0115481	
0.0037107	
0.00706764	
-0.0731936	
0.0107297	
0.0391111	
0.0333128	
-0.0722781	
-0.0396243	
0.025073	
-0.00147729	
-0.0475588	
-0.00727563	
-0.0216189	
0.0156126	
-0.0588503	
-0.0133791	
0.00493141	
0.0375852	
-0.0469485	
-0.0219241	
0.0571165	
0.06322	
-0.0609866	
-0.0310793	
0.0189695	
0.0317869	
-0.0329104	
0.00828834	
-0.00971703	
0.052844	
-0.0109377	
-0.0100222	
-0.0152102	
0.0363645	
0.0012693	
-0.0295535	
0.0012693	
0.03728	
-0.0890627	
-0.0112429	
0.0269041	
0.0345335	
-0.0597659	
-0.00178246	
0.00981422	
0.0305662	
-0.0619021	
-0.00574975	
-0.0063601	
0.0293455	
-0.0994387	
-0.0170413	
-0.0127688	
0.0113401	
-0.0725832	
0.000658945	
0.0436887	
0.0681028	
-0.075635	
0.0278196	
0.0345335	
0.0189695	
-0.0622073	
0.00798316	
0.00950904	
0.023242	
-0.0722781	
0.018054	
-0.000866934	
0.0204954	
-0.0509158	
0.0363645	
0.0223264	
-0.0280276	
-0.116834	
-0.0167361	
-0.0161257	
0.0360593	
-0.0753298	
0.0238523	
0.0644407	
0.0327024	
-0.0445071	
0.00462623	
0.00279518	
0.0113401	
-0.0460329	
0.0223264	
-0.0170413	
0.00462623	
-0.0710574	
0.0143919	
0.00523658	
0.0256834	
-0.0591555	
0.0208005	
0.0555906	
0.0287351	
-0.0820437	
0.0412473	
0.00706764	
0.0317869	
-0.0820437	
4.85937E-005	
0.025073	
0.00981422	
-0.0844851	
0.00889869	
0.000658945	
-0.0075808	
-0.0414553	
0.0421629	
-0.0185671	
0.0238523	
-0.05824	
0.0247678	
0.0223264	
0.00645729	
-0.00971703	
0.0769529	
0.0211057	
-0.0442019	
0.0241575	
0.160876	
-0.065259	
0.0482664	
-0.0551882	
0.0244627	
-0.0100222	
-0.00391869	
-0.0503054	
0.0168333	
-0.0075808	
0.0439939	
-0.0500002	
0.00279518	
-0.0112429	
0.00279518	
-0.0539675	
0.0241575	
-0.053052	
-0.0191775	
-0.0698367	
0.0259885	
-0.0768557	
0.0375852	
-0.0438967	
0.0327024	
-0.0554934	
-0.0228396	
-0.0628176	
0.0604734	
-0.0152102	
-0.0203982	
-0.0191775	
0.0381956	
-0.0136843	
-0.0240603	
-0.0661746	
0.00920387	
-0.0136843	
0.00279518	
-0.0640383	
0.035449	
-0.0274172	
-0.0622073	
-0.0576296	
0.0708494	
-0.00513939	
-0.0246706	
-0.0884524	
0.0629148	
-0.0265017	
-0.00971703	
-0.0170413	
0.0711546	
-0.0283328	
-0.0234499	
-0.00147729	
0.0537595	
-0.00513939	
-0.0216189	
-0.0731936	
0.045825	
-0.0292483	
-0.0420657	
-0.0753298	
0.040637	
-0.00147729	
0.00859352	
-0.0707522	
-0.0539675	
-0.0277224	
0.00279518	
-0.0789919	
0.0427732	
-0.0167361	
-0.0438967	
-0.0460329	
0.0394163	
-0.0399294	
-0.0481692	
-0.05824	
0.0253782	
-0.0207034	
-0.0841799	
-0.10127	
0.014697	
-0.00513939	
0.00950904	
-0.0689211	
0.0253782	
-0.0387087	
-0.0411501	
-0.0561038	
0.113574	
-0.00361352	
-0.0487795	
-0.0817385	
0.0143919	
-0.0164309	
-0.0292483	
-0.0841799	
0.0516233	
-0.0124636	
-0.0335207	
-0.0765505	
0.0531492	
0.0162229	
-0.0152102	
-0.0680056	
0.0653562	
-0.0207034	
-0.0121584	
-0.0692263	
0.0500974	
-0.013074	
-0.0228396	
-0.0643435	
0.0281248	
-0.0445071	
-0.0136843	
-0.0533572	
0.0388059	
-0.0255862	
-0.0484744	
-0.122632	
0.0143919	
-0.0088015	
-0.0411501	
-0.0692263	
0.0238523	
-0.0194827	
-0.00727563	
-0.0850954	
0.0543699	
-0.0197878	
-0.0292483	
-0.0805178	
0.0381956	
-0.020093	
-0.0152102	
-0.0866213	
0.0281248	
-0.00239281	
0.0195798	
-0.0802126	
0.0381956	
-0.00452904	
-0.0106326	
-0.0817385	
0.0177488	
-0.00391869	
-0.0319949	
-0.0924197	
0.0397214	
-0.00544457	
-0.0179568	
-0.10188	
0.0241575	
-0.0109377	
0.00249	
-0.0783816	
-0.00544457	
-0.00788598	
-0.0533572	
-0.173291	
0.0681028	
	
