-0.36499	
-0.354004	
-0.358582	
-0.393066	
-0.419006	
-0.412598	
-0.389404	
-0.404968	
-0.44342	
-0.463257	
-0.435181	
-0.38208	
-0.340271	
-0.332031	
-0.36499	
-0.417175	
-0.448608	
-0.450439	
-0.435486	
-0.437622	
-0.426331	
-0.401306	
-0.382385	
-0.376892	
-0.375366	
-0.360413	
-0.343628	
-0.344543	
-0.349731	
-0.32135	
-0.298462	
-0.298462	
-0.331116	
-0.360718	
-0.369568	
-0.368652	
-0.34668	
-0.315857	
-0.299377	
-0.30365	
-0.315857	
-0.318604	
-0.32135	
-0.317078	
-0.301819	
-0.271606	
-0.252686	
-0.270996	
-0.310364	
-0.343628	
-0.357971	
-0.343933	
-0.318298	
-0.316772	
-0.350037	
-0.392761	
-0.408936	
-0.384521	
-0.349731	
-0.327148	
-0.291138	
-0.244751	
-0.203247	
-0.187683	
-0.174561	
-0.163574	
-0.157776	
-0.176697	
-0.200195	
-0.191345	
-0.175476	
-0.162048	
-0.162659	
-0.174866	
-0.230408	
-0.367126	
-0.613098	
-0.922546	
-1.19904	
-1.3562	
-1.29211	
-1.00586	
-0.570984	
-0.119934	
0.20874	
0.352478	
0.330811	
0.218811	
0.116577	
0.06073	
0.0170898	
-0.0308228	
-0.0698853	
-0.0674438	
-0.0570679	
-0.0854492	
-0.124512	
-0.132446	
-0.117798	
-0.110168	
-0.12146	
-0.129089	
-0.140686	
-0.159912	
-0.170593	
-0.15564	
-0.151672	
-0.180664	
-0.211182	
-0.216064	
-0.202026	
-0.19165	
-0.177917	
-0.173645	
-0.195618	
-0.243835	
-0.274963	
-0.274658	
-0.26825	
-0.285645	
-0.292053	
-0.291138	
-0.296936	
-0.325012	
-0.340881	
-0.328674	
-0.29541	
-0.270081	
-0.256958	
-0.264893	
-0.288696	
-0.264282	
-0.157166	
-0.0204468	
0.0469971	
0.022583	
-0.012207	
0.00396729	
0.0308228	
0.0170898	
-0.0216675	
-0.039978	
-0.0299072	
-0.0186157	
-0.0231934	
-0.0387573	
-0.0674438	
-0.085144	
-0.0894165	
-0.0869751	
-0.0769043	
-0.0653076	
-0.0610352	
-0.0650024	
-0.0946045	
-0.118103	
-0.122986	
-0.10498	
-0.0994873	
-0.118408	
-0.142212	
-0.160522	
-0.1651	
-0.163574	
-0.1651	
-0.158997	
-0.178833	
-0.20874	
-0.229492	
-0.218201	
-0.19104	
-0.168457	
-0.166016	
-0.173035	
-0.195923	
-0.217896	
-0.228577	
-0.231018	
-0.238953	
-0.252686	
-0.254822	
-0.249023	
-0.252075	
-0.278931	
-0.317993	
-0.350952	
-0.355225	
-0.330505	
-0.297852	
-0.291443	
-0.319824	
-0.351257	
-0.363159	
-0.366821	
-0.389099	
-0.410767	
-0.394592	
-0.357361	
-0.316162	
-0.285645	
-0.256653	
-0.241699	
-0.261536	
-0.291748	
-0.294495	
-0.26123	
-0.240479	
-0.239868	
-0.246582	
-0.21698	
-0.192871	
-0.184326	
-0.251465	
-0.401001	
-0.671692	
-1.00189	
-1.30493	
-1.45752	
-1.38275	
-1.07025	
-0.617371	
-0.187073	
0.0784302	
0.153809	
0.115662	
0.0323486	
-0.0585938	
-0.136719	
-0.188904	
-0.202942	
-0.201111	
-0.204163	
-0.226746	
-0.257568	
-0.283203	
-0.296326	
-0.302429	
-0.314331	
-0.328979	
-0.344238	
-0.341797	
-0.339355	
-0.344238	
-0.377197	
-0.411072	
-0.400085	
-0.357971	
-0.307007	
-0.307617	
-0.3479	
-0.402832	
-0.438843	
-0.450745	
-0.457458	
-0.475159	
-0.501099	
-0.512085	
-0.502625	
-0.507202	
-0.527954	
-0.557556	
-0.580139	
-0.577698	
-0.561523	
-0.52002	
-0.489502	
-0.489197	
-0.515442	
-0.528259	
-0.508728	
-0.473328	
-0.441284	
-0.413818	
-0.400391	
-0.410156	
-0.415039	
-0.397644	
-0.370178	
-0.358582	
-0.37262	
-0.383911	
-0.377808	
-0.389099	
-0.405273	
-0.429382	
-0.436707	
-0.441895	
-0.435486	
-0.4245	
-0.427246	
-0.446167	
-0.452271	
-0.432739	
-0.394592	
-0.39093	
-0.413208	
-0.428772	
-0.424194	
-0.411987	
-0.404968	
-0.409851	
-0.418396	
-0.440979	
-0.449829	
-0.436707	
-0.407715	
-0.392456	
-0.382385	
-0.369568	
-0.342407	
-0.3479	
-0.379639	
-0.396729	
-0.387268	
-0.355835	
-0.334778	
-0.329285	
-0.340271	
-0.37384	
-0.405884	
-0.418701	
-0.401917	
-0.396423	
-0.411072	
-0.429382	
-0.43335	
-0.438538	
-0.44342	
-0.42572	
-0.387878	
-0.350952	
-0.350647	
-0.359497	
-0.349731	
-0.351868	
-0.36438	
-0.369873	
-0.362854	
-0.36499	
-0.371704	
-0.359192	
-0.316467	
-0.297241	
-0.341492	
-0.448914	
-0.638428	
-0.921936	
-1.22955	
-1.45477	
-1.46088	
-1.23535	
-0.868835	
-0.490417	
-0.205078	
-0.0424194	
0.00976563	
-0.0231934	
-0.115356	
-0.234375	
-0.318909	
-0.343323	
-0.314941	
-0.296936	
-0.303345	
-0.317993	
-0.305481	
-0.296936	
-0.29541	
-0.309753	
-0.338135	
-0.364685	
-0.395508	
-0.409546	
-0.410156	
-0.419006	
-0.431213	
-0.398865	
-0.34668	
-0.317383	
-0.337219	
-0.388794	
-0.415649	
-0.433044	
-0.452576	
-0.469055	
-0.480957	
-0.492249	
-0.500793	
-0.480042	
-0.443115	
-0.437927	
-0.46936	
-0.498047	
-0.49408	
-0.490112	
-0.502014	
-0.531006	
-0.544128	
-0.535583	
-0.498352	
-0.430298	
-0.369873	
-0.357056	
-0.358887	
-0.366211	
-0.331421	
-0.297852	
-0.268555	
-0.250549	
-0.255737	
-0.276489	
-0.295715	
-0.295715	
-0.302429	
-0.335083	
-0.375061	
-0.363464	
-0.305176	
-0.274963	
-0.274353	
-0.270691	
-0.241394	
-0.237122	
-0.280457	
-0.325317	
-0.315552	
-0.308533	
-0.301208	
-0.286865	
-0.248718	
-0.23407	
-0.242004	
-0.233765	
-0.200806	
-0.201416	
-0.247498	
-0.292664	
-0.294189	
-0.28656	
-0.280762	
-0.252991	
-0.220032	
-0.223389	
-0.275574	
-0.314331	
-0.299377	
-0.264893	
-0.257263	
-0.271912	
-0.275269	
-0.275269	
-0.267639	
-0.276184	
-0.307617	
-0.343323	
-0.354309	
-0.335388	
-0.272217	
-0.234375	
-0.239868	
-0.277405	
-0.313721	
-0.313416	
-0.273743	
-0.24353	
-0.234375	
-0.259399	
-0.271912	
-0.26001	
-0.228577	
-0.201416	
-0.213013	
-0.26123	
-0.385742	
-0.637512	
-0.933228	
-1.19019	
-1.29303	
-1.19995	
-0.950317	
-0.59021	
-0.230713	
0.00610352	
0.0881958	
0.032959	
-0.0750732	
-0.184326	
-0.249329	
-0.252991	
-0.234985	
-0.259094	
-0.313721	
-0.367432	
-0.351868	
-0.313416	
-0.282593	
-0.280762	
-0.30426	
-0.316772	
-0.3302	
-0.36438	
-0.420837	
-0.490112	
-0.48584	
-0.395813	
-0.296936	
-0.280762	
-0.35614	
-0.453491	
-0.500793	
-0.498962	
-0.463562	
-0.453796	
-0.441589	
-0.470886	
-0.50354	
-0.514526	
-0.522766	
-0.519104	
-0.50354	
-0.481873	
-0.452881	
-0.480347	
-0.534363	
-0.521545	
-0.448914	
-0.382996	
-0.400391	
-0.450439	
-0.455627	
-0.396118	
-0.339661	
-0.308533	
-0.314941	
-0.327454	
-0.316772	
-0.274353	
-0.226746	
-0.261536	
-0.327148	
-0.368958	
-0.348511	
-0.309143	
-0.308838	
-0.347595	
-0.383301	
-0.395813	
-0.365295	
-0.332336	
-0.318604	
-0.357361	
-0.385742	
-0.379028	
-0.35553	
-0.350342	
-0.386963	
-0.422668	
-0.429077	
-0.419006	
-0.411377	
-0.406494	
-0.426636	
-0.451355	
-0.466614	
-0.463867	
-0.446472	
-0.444946	
-0.447693	
-0.455627	
-0.44342	
-0.444336	
-0.451965	
-0.467529	
-0.4776	
-0.480347	
-0.472107	
-0.464172	
-0.479126	
-0.504456	
-0.52124	
-0.491028	
-0.456238	
-0.468445	
-0.498352	
-0.491943	
-0.445557	
-0.39917	
-0.402527	
-0.432739	
-0.45105	
-0.454712	
-0.437012	
-0.412598	
-0.398254	
-0.401611	
-0.444031	
-0.4953	
-0.568542	
-0.688782	
-0.869446	
-1.08307	
-1.22406	
-1.21735	
-1.05469	
-0.795288	
-0.516052	
-0.29541	
-0.160522	
-0.109863	
-0.141907	
-0.220947	
-0.301819	
-0.332642	
-0.309448	
-0.295715	
-0.317383	
-0.364075	
-0.398865	
-0.415039	
-0.401001	
-0.368347	
-0.343018	
-0.361938	
-0.401001	
-0.41626	
-0.391541	
-0.374146	
-0.385132	
-0.410461	
-0.426941	
-0.453491	
-0.448303	
-0.426941	
-0.395813	
-0.406799	
-0.450439	
-0.489197	
-0.495911	
-0.49469	
-0.492249	
-0.476685	
-0.461731	
-0.458069	
-0.489807	
-0.515747	
-0.52124	
-0.515442	
-0.509644	
-0.508118	
-0.485229	
-0.456238	
-0.436707	
-0.426331	
-0.417786	
-0.413208	
-0.388184	
-0.355835	
-0.318909	
-0.309448	
-0.315552	
-0.310059	
-0.294189	
-0.300598	
-0.336914	
-0.376587	
-0.380249	
-0.360107	
-0.352783	
-0.359802	
-0.376892	
-0.374451	
-0.37262	
-0.35614	
-0.340881	
-0.351257	
-0.378113	
-0.40741	
-0.393372	
-0.350037	
-0.328674	
-0.328064	
-0.34668	
-0.37323	
-0.403748	
-0.4422	
-0.466309	
-0.463257	
-0.446167	
-0.429077	
-0.411987	
-0.414734	
-0.426941	
-0.419312	
-0.401001	
-0.402222	
-0.413818	
-0.424805	
-0.41748	
-0.40741	
-0.434875	
-0.45166	
-0.450439	
-0.461731	
-0.486755	
-0.516357	
-0.522461	
-0.51239	
-0.483093	
-0.434875	
-0.38208	
-0.375366	
-0.410156	
-0.431824	
-0.414429	
-0.384521	
-0.369263	
-0.377502	
-0.386047	
-0.383301	
-0.374451	
-0.358887	
-0.358276	
-0.403442	
-0.504761	
-0.68573	
-0.905457	
-1.14777	
-1.32721	
-1.38458	
-1.28571	
-1.0199	
-0.657654	
-0.288086	
-0.0271606	
0.0567627	
0.00610352	
-0.0921631	
-0.154419	
-0.192261	
-0.218506	
-0.237427	
-0.267334	
-0.272827	
-0.283203	
-0.274658	
-0.273438	
-0.284424	
-0.297852	
-0.302124	
-0.302124	
-0.314026	
-0.327148	
-0.333862	
-0.334473	
-0.339355	
-0.340881	
-0.33905	
-0.32959	
-0.344543	
-0.36377	
-0.372314	
-0.36377	
-0.379333	
-0.406189	
-0.431824	
-0.437317	
-0.417786	
-0.395508	
-0.386963	
-0.396423	
-0.431824	
-0.457764	
-0.450745	
-0.43335	
-0.427246	
-0.440063	
-0.448914	
-0.446777	
-0.45105	
-0.45929	
-0.434265	
-0.376892	
-0.328369	
-0.325928	
-0.346069	
-0.350037	
-0.340576	
-0.336914	
-0.344849	
-0.327759	
-0.317383	
-0.330505	
-0.37384	
-0.41687	
-0.440979	
-0.431519	
-0.415955	
-0.394592	
-0.390625	
-0.411072	
-0.418701	
-0.418091	
-0.408325	
-0.404968	
-0.394592	
-0.376892	
-0.379028	
-0.401611	
-0.435181	
-0.426941	
-0.411377	
-0.390625	
-0.377502	
-0.378723	
-0.402832	
-0.445251	
-0.458679	
-0.429382	
-0.405884	
-0.394897	
-0.402527	
-0.401001	
-0.414124	
-0.434265	
-0.455627	
-0.449829	
-0.449829	
-0.447998	
-0.452271	
-0.480652	
-0.535278	
-0.554199	
-0.502625	
-0.396118	
-0.323792	
-0.331116	
-0.368347	
-0.38269	
-0.375671	
-0.370178	
-0.374756	
-0.368347	
-0.363159	
-0.350037	
-0.33783	
-0.315857	
-0.315552	
-0.365601	
-0.498657	
-0.720215	
-1.01349	
-1.30219	
-1.49292	
-1.48804	
-1.28754	
-0.922852	
-0.492554	
-0.125122	
0.0793457	
0.103455	
-0.00366211	
-0.124512	
-0.203247	
-0.215149	
-0.189819	
-0.181885	
-0.211792	
-0.254822	
-0.297241	
-0.316162	
-0.320129	
-0.298462	
-0.270386	
-0.267029	
-0.311584	
-0.368042	
-0.376282	
-0.336609	
-0.314941	
-0.344543	
-0.394592	
-0.411987	
-0.401917	
-0.389099	
-0.391541	
-0.398865	
-0.410461	
-0.426636	
-0.439758	
-0.4599	
-0.477905	
-0.50415	
-0.499268	
-0.477295	
-0.458069	
-0.45929	
-0.475159	
-0.478821	
-0.479736	
-0.492249	
-0.497742	
-0.475159	
-0.437317	
-0.412903	
-0.401306	
-0.388184	
-0.361633	
-0.318909	
-0.274353	
-0.257568	
-0.281067	
-0.306702	
-0.2948	
-0.257263	
-0.257263	
-0.299683	
-0.334167	
-0.3302	
-0.315247	
-0.308228	
-0.328674	
-0.332642	
-0.340271	
-0.330505	
-0.327759	
-0.324097	
-0.336914	
-0.351868	
-0.368347	
-0.374146	
-0.394897	
-0.411987	
-0.401917	
-0.384827	
-0.394592	
-0.420837	
-0.427856	
-0.398254	
-0.371399	
-0.384521	
-0.408325	
-0.414734	
-0.426331	
-0.437317	
-0.435181	
-0.419006	
-0.405884	
-0.428772	
-0.438538	
-0.431519	
-0.414124	
-0.410156	
-0.40863	
-0.403748	
-0.412903	
-0.436707	
-0.460205	
-0.473022	
-0.481567	
-0.498047	
-0.513611	
-0.522766	
-0.529785	
-0.532227	
-0.494995	
-0.430908	
-0.375671	
-0.341492	
-0.33844	
-0.339661	
-0.366821	
-0.389709	
-0.384827	
-0.362549	
-0.369873	
-0.397034	
-0.39856	
-0.3479	
-0.296326	
-0.300598	
-0.39978	
-0.603027	
-0.903015	
-1.24298	
-1.50787	
-1.62445	
-1.52496	
-1.21796	
-0.772705	
-0.318604	
0.00152588	
0.142517	
0.135193	
0.0408936	
-0.0973511	
-0.19928	
-0.238342	
-0.217285	
-0.207825	
-0.223389	
-0.260315	
-0.287781	
-0.30426	
-0.330505	
-0.334167	
-0.323792	
-0.303345	
-0.299377	
-0.31311	
-0.336609	
-0.353088	
-0.356445	
-0.357666	
-0.357971	
-0.375366	
-0.397339	
-0.411682	
-0.411987	
-0.422363	
-0.440063	
-0.454102	
-0.462952	
-0.479431	
-0.505371	
-0.524902	
-0.525513	
-0.52887	
-0.535583	
-0.546265	
-0.547485	
-0.548401	
-0.553894	
-0.542908	
-0.494995	
-0.455017	
-0.440674	
-0.449524	
-0.434875	
-0.407104	
-0.378113	
-0.353394	
-0.317383	
-0.281677	
-0.276184	
-0.280762	
-0.281677	
-0.294495	
-0.307922	
-0.298767	
-0.271606	
-0.26062	
-0.298157	
-0.349731	
-0.361938	
-0.349121	
-0.339966	
-0.339966	
-0.363464	
-0.382385	
-0.389099	
-0.365295	
-0.340576	
-0.335693	
-0.362549	
-0.378113	
-0.379944	
-0.384827	
-0.388794	
-0.378113	
-0.359802	
-0.36499	
-0.38208	
-0.397339	
-0.378723	
-0.365601	
-0.366821	
-0.370789	
-0.393677	
-0.400696	
-0.390015	
-0.359497	
-0.336914	
-0.352173	
-0.384521	
-0.394897	
-0.395508	
-0.393066	
-0.391541	
-0.367126	
-0.342102	
-0.352783	
-0.390625	
-0.414124	
-0.405273	
-0.392761	
-0.411377	
-0.437317	
-0.428467	
-0.401306	
-0.378723	
-0.386963	
-0.417786	
-0.440674	
-0.45105	
-0.441895	
-0.44342	
-0.480652	
-0.510559	
-0.506897	
-0.453491	
-0.413208	
-0.39856	
-0.394897	
-0.379639	
-0.380554	
-0.39917	
-0.411072	
-0.403442	
-0.401611	
-0.411377	
-0.40863	
-0.370178	
-0.336914	
-0.352478	
-0.43396	
-0.590515	
-0.837097	
-1.13281	
-1.41022	
-1.56738	
-1.51917	
-1.23688	
-0.796204	
-0.334473	
-0.0210571	
0.09552	
0.0671387	
-0.0369263	
-0.169373	
-0.288696	
-0.328979	
-0.297546	
-0.253906	
-0.25238	
-0.291748	
-0.308533	
-0.314026	
-0.315552	
-0.326233	
-0.344849	
-0.381165	
-0.418091	
-0.43335	
-0.412903	
-0.395813	
-0.39917	
-0.407715	
-0.403137	
-0.409851	
-0.426941	
-0.456238	
-0.4776	
-0.486755	
-0.494995	
-0.493469	
-0.492249	
-0.507813	
-0.548096	
-0.576172	
-0.575256	
-0.574341	
-0.572205	
-0.571289	
-0.551453	
-0.534058	
-0.545044	
-0.561218	
-0.565796	
-0.575867	
-0.578918	
-0.563965	
-0.508118	
-0.450745	
-0.418091	
-0.418396	
-0.409851	
-0.394897	
-0.379944	
-0.360107	
-0.337524	
-0.324402	
-0.332642	
-0.356445	
-0.361633	
-0.366211	
-0.367126	
-0.377502	
-0.376892	
-0.364075	
-0.343018	
-0.342407	
-0.350037	
-0.389099	
-0.396118	
-0.367432	
-0.33905	
-0.343018	
-0.382996	
-0.406799	
-0.402527	
-0.400391	
-0.411377	
-0.418091	
-0.406494	
-0.392151	
-0.383606	
-0.389709	
-0.405579	
-0.424194	
-0.428772	
-0.396729	
-0.353699	
-0.348816	
-0.370178	
-0.40802	
-0.41748	
-0.410767	
-0.391846	
-0.380249	
-0.374451	
-0.398254	
-0.426331	
-0.421143	
-0.405273	
-0.387573	
-0.385132	
-0.378113	
-0.364685	
-0.380554	
-0.419617	
-0.439758	
-0.415039	
-0.386963	
-0.376892	
-0.40863	
-0.423889	
-0.429382	
-0.437317	
-0.450745	
-0.473633	
-0.477295	
-0.451355	
-0.413513	
-0.375671	
-0.366821	
-0.357666	
-0.333557	
-0.323181	
-0.33905	
-0.370483	
-0.37323	
-0.351257	
-0.329895	
-0.315247	
-0.294495	
-0.27771	
-0.349121	
-0.540771	
-0.830688	
-1.14624	
-1.40198	
-1.50574	
-1.39038	
-1.06049	
-0.647278	
-0.26123	
0.000915527	
0.115967	
0.098877	
0.00183105	
-0.101318	
-0.166931	
-0.206299	
-0.233459	
-0.25177	
-0.263367	
-0.270386	
-0.272217	
-0.274048	
-0.280762	
-0.296326	
-0.311279	
-0.313416	
-0.319519	
-0.354919	
-0.375061	
-0.373535	
-0.352783	
-0.361023	
-0.389709	
-0.413818	
-0.430298	
-0.4599	
-0.475769	
-0.455933	
-0.404968	
-0.352783	
-0.362854	
-0.430908	
-0.525818	
-0.573425	
-0.545044	
-0.488892	
-0.490723	
-0.550537	
-0.572815	
-0.531616	
-0.47699	
-0.512695	
-0.58136	
-0.588379	
-0.481873	
-0.376282	
-0.370483	
-0.441895	
-0.510254	
-0.471191	
-0.382385	
-0.257568	
-0.180664	
-0.25238	
-0.406799	
-0.545349	
-0.628357	
-0.588989	
-0.515442	
-0.316162	
-0.153503	
-0.150452	
-0.2948	
-0.413818	
-0.27832	
-0.0518799	
-0.123291	
-0.393066	
-0.689392	
-0.525513	
-0.150452	
0.0427246	
-0.0845337	
-0.389099	
-0.53833	
-0.507202	
-0.404968	
-0.426941	
-0.543518	
-0.625	
-0.542908	
-0.41748	
-0.372925	
-0.447998	
-0.534058	
-0.550842	
-0.524597	
-0.48645	
-0.518799	
-0.608215	
-0.672913	
-0.657349	
-0.608826	
-0.597839	
-0.645142	
-0.684204	
-0.648193	
-0.616455	
-0.604858	
-0.657043	
-0.714111	
-0.691223	
-0.607605	
-0.484619	
-0.447998	
-0.557556	
-0.774536	
-0.960999	
-0.973816	
-0.879517	
-0.71228	
-0.528259	
-0.415955	
-0.406189	
-0.552673	
-0.714417	
-0.765991	
-0.632324	
-0.448303	
-0.362854	
-0.450134	
-0.601196	
-0.661926	
-0.593567	
-0.49469	
-0.440063	
-0.491333	
-0.696106	
-1.02997	
-1.35864	
-1.62811	
-1.73248	
-1.63574	
-1.33514	
-0.84137	
-0.312195	
0.0823975	
0.224915	
0.0991821	
-0.138245	
-0.280762	
-0.303955	
-0.261536	
-0.228577	
-0.237732	
-0.251465	
-0.231934	
-0.175781	
-0.108948	
-0.159607	
-0.287781	
-0.401917	
-0.438232	
-0.386353	
-0.324707	
-0.290833	
-0.2771	
-0.321045	
-0.341187	
-0.317078	
-0.274963	
-0.264587	
-0.28656	
-0.314026	
-0.313721	
-0.315857	
-0.297852	
-0.272522	
-0.216675	
-0.209351	
-0.24231	
-0.248108	
-0.237732	
-0.240784	
-0.279846	
-0.320435	
-0.292969	
-0.246887	
-0.203552	
-0.173645	
-0.141296	
-0.12207	
-0.117798	
-0.0970459	
-0.0616455	
-0.0112915	
0.00823975	
0.0140381	
0.0216675	
0.0256348	
0.0357056	
0.0183105	
-0.00762939	
-0.0485229	
-0.0653076	
-0.032959	
0.0164795	
0.0268555	
-0.0112915	
-0.0793457	
-0.0997925	
-0.0906372	
-0.0674438	
-0.0247192	
0.00152588	
-0.00701904	
-0.0369263	
-0.0708008	
-0.06073	
-0.0350952	
-0.0271606	
-0.0442505	
-0.0784302	
-0.128174	
-0.149231	
-0.114136	
-0.0732422	
-0.0741577	
-0.13092	
-0.177612	
-0.186462	
-0.184021	
-0.195923	
-0.208435	
-0.229797	
-0.26886	
-0.307312	
-0.327148	
-0.339661	
-0.346985	
-0.344543	
-0.3125	
-0.294495	
-0.344543	
-0.412292	
-0.453491	
-0.447998	
-0.445557	
-0.475464	
-0.487671	
-0.47821	
-0.488281	
-0.492249	
-0.511169	
-0.525818	
-0.56427	
-0.611877	
-0.644531	
-0.645752	
-0.660095	
-0.661011	
-0.634155	
-0.586548	
-0.558472	
-0.545959	
-0.541687	
-0.536194	
-0.547791	
-0.578918	
-0.597534	
-0.603333	
-0.599365	
-0.591125	
-0.556641	
-0.518188	
-0.53772	
-0.649109	
-0.851135	
-1.12946	
-1.44501	
-1.70654	
-1.82037	
-1.70288	
-1.39526	
-0.96405	
-0.513611	
-0.172119	
-0.0402832	
-0.0958252	
-0.257874	
-0.371704	
-0.419922	
-0.396118	
-0.359802	
-0.339966	
-0.374756	
-0.428162	
-0.45929	
-0.447693	
-0.437012	
-0.447388	
-0.489502	
-0.508423	
-0.505981	
-0.476379	
-0.442505	
-0.447388	
-0.475769	
-0.4953	
-0.481567	
-0.460205	
-0.475159	
-0.506287	
-0.529785	
-0.530396	
-0.539246	
-0.538635	
-0.518799	
-0.492249	
-0.505371	
-0.53772	
-0.557861	
-0.549316	
-0.525513	
-0.522461	
-0.533142	
-0.558167	
-0.59021	
-0.59082	
-0.568237	
-0.544739	
-0.523682	
-0.485535	
-0.439453	
-0.396118	
-0.370483	
-0.35675	
-0.335999	
-0.339355	
-0.351257	
-0.352173	
-0.336914	
-0.328064	
-0.346985	
-0.367432	
-0.373535	
-0.361938	
-0.351563	
-0.359802	
-0.363464	
-0.368347	
-0.378113	
-0.380859	
-0.384216	
-0.382996	
-0.390625	
-0.407715	
-0.403442	
-0.38208	
-0.369568	
-0.388489	
-0.40802	
-0.401611	
-0.370789	
-0.348511	
-0.355835	
-0.389404	
-0.418091	
-0.414734	
-0.387573	
-0.378723	
-0.392456	
-0.421143	
-0.40802	
-0.402527	
-0.406799	
-0.415344	
-0.406799	
-0.403137	
-0.42572	
-0.435486	
-0.423279	
-0.396118	
-0.431519	
-0.475159	
-0.490723	
-0.445862	
-0.401001	
-0.395203	
-0.418091	
-0.443726	
-0.443115	
-0.424805	
-0.412292	
-0.423279	
-0.455322	
-0.483093	
-0.481567	
-0.481873	
-0.493774	
-0.519409	
-0.517578	
-0.514832	
-0.539246	
-0.559998	
-0.545349	
-0.479736	
-0.437927	
-0.447388	
-0.447998	
-0.429382	
-0.404663	
-0.417786	
-0.449524	
-0.446167	
-0.429382	
-0.404663	
-0.381775	
-0.359802	
-0.363159	
-0.39856	
-0.491638	
-0.678101	
-0.958557	
-1.27563	
-1.51367	
-1.57959	
-1.42151	
-1.07086	
-0.622559	
-0.19928	
0.0741577	
0.162964	
0.0933838	
-0.0463867	
-0.175171	
-0.238342	
-0.238953	
-0.231018	
-0.237732	
-0.257263	
-0.262756	
-0.247192	
-0.263062	
-0.287781	
-0.29541	
-0.2771	
-0.272522	
-0.302124	
-0.322266	
-0.317078	
-0.307312	
-0.319519	
-0.334167	
-0.344238	
-0.366211	
-0.383606	
-0.397644	
-0.371704	
-0.361328	
-0.37262	
-0.407104	
-0.4422	
-0.466309	
-0.463867	
-0.452271	
-0.444031	
-0.466614	
-0.486145	
-0.480652	
-0.448608	
-0.43396	
-0.436401	
-0.44281	
-0.429382	
-0.424194	
-0.420837	
-0.40863	
-0.367432	
-0.326233	
-0.305786	
-0.299072	
-0.282288	
-0.264893	
-0.25116	
-0.255432	
-0.243835	
-0.229797	
-0.210876	
-0.209351	
-0.21698	
-0.246582	
-0.26947	
-0.27771	
-0.282898	
-0.293884	
-0.31311	
-0.309753	
-0.31311	
-0.327148	
-0.343018	
-0.340271	
-0.318298	
-0.298767	
-0.303955	
-0.326233	
-0.363464	
-0.404663	
-0.409851	
-0.392761	
-0.372009	
-0.37384	
-0.395813	
-0.401917	
-0.397034	
-0.403748	
-0.412598	
-0.419006	
-0.422058	
-0.433044	
-0.431824	
-0.413818	
-0.379944	
-0.39093	
-0.434875	
-0.476074	
-0.499878	
-0.493164	
-0.456543	
-0.417786	
-0.417786	
-0.458984	
-0.505066	
-0.490723	
-0.450745	
-0.427246	
-0.428162	
-0.436401	
-0.441589	
-0.466003	
-0.505066	
-0.538635	
-0.532837	
-0.513916	
-0.482788	
-0.473022	
-0.474854	
-0.476074	
-0.458679	
-0.429688	
-0.396423	
-0.369873	
-0.351868	
-0.341797	
-0.345154	
-0.368958	
-0.389709	
-0.391846	
-0.353394	
-0.308838	
-0.285645	
-0.325928	
-0.456238	
-0.67749	
-0.965271	
-1.23566	
-1.43707	
-1.4978	
-1.34857	
-0.999451	
-0.533142	
-0.12207	
0.125427	
0.180054	
0.0775146	
-0.0924683	
-0.224304	
-0.268555	
-0.261841	
-0.238647	
-0.229187	
-0.231018	
-0.239868	
-0.271606	
-0.308228	
-0.32959	
-0.326843	
-0.312195	
-0.30426	
-0.310059	
-0.329285	
-0.359802	
-0.378418	
-0.371399	
-0.356445	
-0.357666	
-0.377502	
-0.399475	
-0.41687	
-0.447083	
-0.455627	
-0.427551	
-0.413818	
-0.453796	
-0.515747	
-0.533142	
-0.500183	
-0.484924	
-0.505676	
-0.532532	
-0.537109	
-0.535583	
-0.53894	
-0.538635	
-0.527039	
-0.525513	
-0.52002	
-0.513	
-0.482483	
-0.453796	
-0.422058	
-0.387878	
-0.350647	
-0.345154	
-0.34729	
-0.344849	
-0.32135	
-0.292664	
-0.279846	
-0.298462	
-0.329895	
-0.365601	
-0.372314	
-0.359802	
-0.346985	
-0.350647	
-0.361328	
-0.354614	
-0.345459	
-0.346069	
-0.375671	
-0.38269	
-0.388184	
-0.369568	
-0.348206	
-0.316162	
-0.293579	
-0.315857	
-0.343018	
-0.332642	
-0.302429	
-0.317993	
-0.357056	
-0.374756	
-0.354919	
-0.332642	
-0.323486	
-0.308533	
-0.281372	
-0.275269	
-0.290833	
-0.305481	
-0.307617	
-0.308838	
-0.28595	
-0.271912	
-0.278015	
-0.3302	
-0.371704	
-0.354614	
-0.306702	
-0.285645	
-0.286255	
-0.303955	
-0.308838	
-0.321655	
-0.317688	
-0.31311	
-0.325623	
-0.350647	
-0.353394	
-0.328064	
-0.323792	
-0.361023	
-0.412292	
-0.443726	
-0.459595	
-0.46814	
-0.464172	
-0.426331	
-0.381165	
-0.348816	
-0.322571	
-0.301514	
-0.285645	
-0.298157	
-0.318909	
-0.326233	
-0.316467	
-0.318604	
-0.324097	
-0.308838	
-0.263672	
-0.246582	
-0.310974	
-0.460205	
-0.684204	
-0.968323	
-1.24237	
-1.43799	
-1.4325	
-1.18805	
-0.764465	
-0.311279	
0.0265503	
0.167236	
0.166321	
0.090332	
-0.0131226	
-0.100708	
-0.157166	
-0.174866	
-0.162354	
-0.153503	
-0.15625	
-0.179443	
-0.206299	
-0.231628	
-0.24353	
-0.249634	
-0.252991	
-0.248718	
-0.23468	
-0.249634	
-0.284729	
-0.326843	
-0.33905	
-0.329285	
-0.32196	
-0.330811	
-0.343933	
-0.358582	
-0.378418	
-0.404053	
-0.421753	
-0.426941	
-0.417786	
-0.433655	
-0.458069	
-0.498657	
-0.534363	
-0.549316	
-0.549316	
-0.523376	
-0.509644	
-0.522156	
-0.535583	
-0.515137	
-0.460815	
-0.429688	
-0.43396	
-0.445862	
-0.43457	
-0.395203	
-0.351868	
-0.317688	
-0.301514	
-0.319519	
-0.318298	
-0.290833	
-0.235901	
-0.219421	
-0.250549	
-0.293884	
-0.318909	
-0.32959	
-0.340576	
-0.340271	
-0.341492	
-0.337524	
-0.328979	
-0.314941	
-0.303345	
-0.317383	
-0.335083	
-0.343018	
-0.339966	
-0.338135	
-0.341797	
-0.352173	
-0.366516	
-0.387268	
-0.382996	
-0.354614	
-0.329895	
-0.333252	
-0.358887	
-0.381775	
-0.37323	
-0.361023	
-0.348816	
-0.344543	
-0.349121	
-0.358582	
-0.370178	
-0.362549	
-0.348206	
-0.33783	
-0.334167	
-0.344238	
-0.368042	
-0.393066	
-0.387878	
-0.352783	
-0.316772	
-0.330811	
-0.354004	
-0.372314	
-0.405884	
-0.455627	
-0.491638	
-0.474854	
-0.444336	
-0.438538	
-0.443115	
-0.421448	
-0.357666	
-0.260315	
-0.206909	
-0.232544	
-0.332947	
-0.437622	
-0.445862	
-0.378723	
-0.286865	
-0.247498	
-0.243225	
-0.228577	
-0.184937	
-0.178223	
-0.278625	
-0.497742	
-0.758057	
-0.999756	
-1.21429	
-1.37268	
-1.38763	
-1.18103	
-0.797119	
-0.384827	
-0.100708	
0.0524902	
0.093689	
0.0268555	
-0.123291	
-0.26886	
-0.314636	
-0.273132	
-0.227966	
-0.252075	
-0.273438	
-0.367126	
-0.480957	
-0.529785	
-0.496216	
-0.394287	
-0.319214	
-0.301514	
-0.216064	
-0.122681	
-0.11322	
-0.223083	
-0.316162	
-0.269165	
-0.1651	
-0.142517	
-0.211182	
-0.249329	
-0.1651	
-0.0823975	
-0.140991	
-0.311279	
-0.436707	
-0.400696	
-0.254822	
-0.22522	
-0.357361	
-0.495605	
-0.509644	
-0.427551	
-0.386963	
-0.427856	
-0.484314	
-0.456848	
-0.507813	
-0.524902	
-0.482178	
-0.354919	
-0.226746	
-0.239563	
-0.271912	
-0.296936	
-0.272522	
-0.265808	
-0.308838	
-0.341492	
-0.344238	
-0.274658	
-0.133362	
-0.0231934	
-0.0665283	
-0.22644	
-0.361633	
-0.324402	
-0.206299	
-0.222778	
-0.340576	
-0.418091	
-0.282898	
-0.184937	
-0.249023	
-0.470581	
-0.591431	
-0.603333	
-0.521545	
-0.451355	
-0.343323	
-0.279236	
-0.322876	
-0.44281	
-0.510254	
-0.448914	
-0.359802	
-0.31311	
-0.382385	
-0.522156	
-0.597229	
-0.541687	
-0.392456	
-0.218811	
-0.168457	
-0.284729	
-0.500488	
-0.677795	
-0.650635	
-0.4776	
-0.282288	
-0.255432	
-0.307922	
-0.438232	
-0.590515	
-0.642395	
-0.59845	
-0.461121	
-0.363464	
-0.280457	
-0.308838	
-0.370178	
-0.473938	
-0.611877	
-0.62561	
-0.617676	
-0.555115	
-0.532532	
-0.542908	
-0.523987	
-0.401611	
-0.360718	
-0.343933	
-0.393982	
-0.42572	
-0.396729	
-0.397644	
-0.401917	
-0.335999	
-0.205078	
-0.170898	
-0.290527	
-0.556641	
-0.811462	
-0.993347	
-1.19965	
-1.39709	
-1.5329	
-1.49292	
-1.21185	
-0.705872	
-0.149841	
0.229187	
0.325317	
0.235901	
0.0646973	
-0.101929	
-0.187073	
-0.13092	
0.0189209	
0.0683594	
-0.0256348	
-0.166321	
-0.272522	
-0.245361	
-0.181885	
-0.158691	
-0.198975	
-0.255737	
-0.242615	
-0.138245	
-0.0274658	
0.0354004	
0.0823975	
0.0506592	
0.012207	
-0.0384521	
-0.0610352	
-0.078125	
-0.129395	
-0.185547	
-0.221252	
-0.263672	
-0.316162	
-0.392761	
-0.458374	
-0.533447	
-0.540466	
-0.509949	
-0.420837	
-0.375977	
-0.363464	
-0.369873	
-0.349426	
-0.363159	
-0.366821	
-0.356445	
-0.288696	
-0.193787	
-0.137634	
-0.0967407	
-0.0411987	
-0.022583	
-0.0408936	
-0.0802612	
-0.11322	
-0.0906372	
-0.03479	
-0.0198364	
-0.0402832	
-0.0750732	
-0.102539	
-0.0946045	
-0.0906372	
-0.0860596	
-0.0915527	
-0.104065	
-0.108337	
-0.117188	
-0.132141	
-0.13916	
-0.151367	
-0.152588	
-0.185852	
-0.210266	
-0.210876	
-0.191345	
-0.172119	
-0.181885	
-0.203247	
-0.23468	
-0.266418	
-0.273438	
-0.258484	
-0.236816	
-0.222778	
-0.235291	
-0.234375	
-0.250854	
-0.270691	
-0.287781	
-0.28717	
-0.277405	
-0.276184	
-0.311584	
-0.340576	
-0.335999	
-0.290222	
-0.231323	
-0.240479	
-0.300598	
-0.386658	
-0.421753	
-0.385132	
-0.30365	
-0.228271	
-0.224304	
-0.285645	
-0.360107	
-0.401917	
-0.389709	
-0.404358	
-0.448303	
-0.505676	
-0.482178	
-0.409851	
-0.333252	
-0.333252	
-0.384521	
-0.409851	
-0.408325	
-0.385132	
-0.369263	
-0.383301	
-0.409851	
-0.422668	
-0.357971	
-0.260925	
-0.238037	
-0.357971	
-0.540161	
-0.741577	
-0.939331	
-1.17157	
-1.45325	
-1.64856	
-1.65009	
-1.41632	
-0.918884	
-0.416565	
-0.0836182	
0.00488281	
-0.0814819	
-0.224304	
-0.373535	
-0.478516	
-0.483398	
-0.349426	
-0.179749	
-0.177002	
-0.283813	
-0.47699	
-0.58075	
-0.556641	
-0.514221	
-0.502625	
-0.510254	
-0.533447	
-0.523987	
-0.462036	
-0.435181	
-0.375671	
-0.350647	
-0.299072	
-0.299683	
-0.193481	
-0.116272	
-0.179138	
-0.255127	
-0.256653	
-0.135803	
-0.109558	
-0.256653	
-0.451355	
-0.388489	
-0.247803	
-0.19043	
-0.301819	
-0.507507	
-0.459595	
-0.209656	
0.132141	
0.185852	
-0.0341797	
-0.254517	
-0.318298	
-0.154114	
0.0216675	
-0.0668335	
-0.26886	
-0.262756	
0.136108	
0.670471	
0.527649	
0.00793457	
-0.47821	
-0.412903	
0.0497437	
0.128479	
-0.050354	
-0.119324	
-0.0204468	
0.226135	
0.143127	
-0.183411	
-0.310364	
-0.157471	
0.0674438	
0.180359	
-0.00457764	
-0.128479	
-0.0631714	
0.133972	
0.151978	
-0.0634766	
-0.20752	
-0.158386	
-0.0228882	
-0.100708	
-0.308228	
-0.335999	
-0.0912476	
0.248413	
0.491943	
0.181274	
-0.274048	
-0.578308	
-0.246277	
0.0732422	
-0.022583	
-0.292664	
-0.367737	
-0.107422	
0.115051	
0.121765	
-0.0262451	
-0.253601	
-0.513916	
-0.446472	
-0.122986	
0.274353	
0.196533	
-0.106506	
-0.414734	
-0.398865	
-0.186157	
0.0863647	
0.2005	
0.0280762	
-0.349426	
-0.704651	
-0.737915	
-0.531921	
-0.289612	
-0.0891113	
-0.00946045	
0.108337	
-0.0180054	
-0.2948	
-0.486145	
-0.487061	
-0.246277	
-0.131531	
-0.279846	
-0.37262	
-0.400391	
-0.314026	
-0.316772	
-0.326233	
-0.136414	
0.133972	
0.131531	
-0.242004	
-0.396729	
-0.543823	
-0.814209	
-1.5387	
-2.01569	
-1.64978	
-1.01318	
-0.506592	
-0.402527	
-0.18158	
0.124817	
0.346069	
0.303345	
0.164185	
0.0787354	
0.130615	
0.0549316	
-0.220947	
-0.545349	
-0.595703	
-0.411072	
-0.179138	
-0.0558472	
-0.0192261	
-0.126343	
-0.271912	
-0.471191	
-0.497131	
-0.497131	
-0.374146	
-0.215149	
-0.175476	
-0.275879	
-0.475769	
-0.534363	
-0.331116	
-0.184937	
-0.213928	
-0.415955	
-0.647583	
-0.664978	
-0.617981	
-0.571899	
-0.612488	
-0.675354	
-0.655823	
-0.663147	
-0.675354	
-0.723267	
-0.751953	
-0.715637	
-0.594177	
-0.630188	
-0.758362	
-0.954895	
-1.00159	
-0.869751	
-0.686951	
-0.539551	
-0.435181	
-0.360413	
-0.309448	
-0.248108	
-0.174866	
-0.111694	
-0.0933838	
-0.118408	
-0.10498	
-0.0411987	
0.0332642	
0.0424194	
0.00305176	
-0.0222778	
-0.0109863	
-0.00274658	
-0.0311279	
-0.0592041	
-0.0558472	
-0.0292969	
0.015564	
0.0268555	
0.00946045	
-0.0308228	
-0.0897217	
-0.109863	
-0.0759888	
-0.0585938	
-0.0582886	
-0.109253	
-0.134583	
-0.139465	
-0.171509	
-0.271301	
-0.355225	
-0.419922	
-0.444946	
-0.450745	
-0.443115	
-0.440674	
-0.479431	
-0.542603	
-0.583496	
-0.559998	
-0.523682	
-0.52887	
-0.541077	
-0.515442	
-0.445862	
-0.359497	
-0.314026	
-0.313721	
-0.340576	
-0.368652	
-0.342712	
-0.259705	
-0.161438	
-0.10498	
-0.109558	
-0.143433	
-0.186768	
-0.227356	
-0.244751	
-0.244751	
-0.261841	
-0.278015	
-0.264893	
-0.204468	
-0.157471	
-0.161743	
-0.188904	
-0.213623	
-0.215454	
-0.210571	
-0.214539	
-0.222778	
-0.257568	
-0.283508	
-0.27832	
-0.249634	
-0.238037	
-0.26123	
-0.358887	
-0.543518	
-0.829773	
-1.18011	
-1.48041	
-1.62598	
-1.52191	
-1.17645	
-0.708618	
-0.261841	
0.0256348	
0.150452	
0.126038	
0.015564	
-0.124207	
-0.24353	
-0.307617	
-0.337524	
-0.350952	
-0.368042	
-0.372925	
-0.362549	
-0.368652	
-0.418091	
-0.484924	
-0.505981	
-0.505981	
-0.498047	
-0.51178	
-0.524902	
-0.529785	
-0.57373	
-0.657349	
-0.710449	
-0.723877	
-0.679932	
-0.65033	
-0.639648	
-0.645447	
-0.645752	
-0.619507	
-0.595398	
-0.619812	
-0.690918	
-0.734253	
-0.700378	
-0.653076	
-0.647278	
-0.69397	
-0.725708	
-0.697632	
-0.651245	
-0.589294	
-0.533752	
-0.498657	
-0.499878	
-0.520325	
-0.541077	
-0.541992	
-0.521545	
-0.493469	
-0.481873	
-0.481567	
-0.482788	
-0.48584	
-0.464172	
-0.422058	
-0.375977	
-0.307312	
-0.259705	
-0.299377	
-0.404053	
-0.558472	
-0.693665	
-0.688782	
-0.544434	
-0.303345	
-0.235291	
-0.39856	
-0.62439	
-0.740662	
-0.705566	
-0.690613	
-0.732422	
-0.661316	
-0.485535	
-0.377502	
-0.448303	
-0.591125	
-0.635376	
-0.569458	
-0.412292	
-0.281677	
-0.251465	
-0.412598	
-0.58075	
-0.482483	
-0.222473	
-0.0601196	
-0.211487	
-0.454102	
-0.48645	
-0.316467	
-0.0210571	
0.140381	
0.0280762	
-0.22583	
-0.41626	
-0.252075	
0.0268555	
0.149536	
0.0445557	
-0.137329	
-0.0509644	
0.219727	
0.476379	
0.406189	
0.128784	
-0.144348	
-0.152283	
0.0100708	
0.325012	
0.235596	
-0.0875854	
-0.675964	
-0.849915	
-0.502625	
0.134277	
0.310669	
0.0790405	
-0.364685	
-0.541992	
-0.368042	
-0.204773	
-0.330811	
-0.681152	
-0.704041	
-0.663757	
-0.489197	
-0.300903	
-0.212402	
-0.374451	
-0.818787	
-1.1554	
-0.856018	
-0.259094	
-0.159302	
-0.616455	
-1.17645	
-1.35162	
-1.49872	
-1.8222	
-2.29248	
-2.36176	
-1.65161	
-0.856323	
-0.481873	
-0.382385	
-0.564575	
-0.482483	
-0.347595	
-0.221863	
-0.0192261	
-0.317688	
-1.0376	
-1.43524	
-1.29089	
-0.712891	
-0.279846	
-0.358887	
-0.620728	
-0.676575	
-0.629883	
-0.57251	
-0.834961	
-1.24695	
-1.2851	
-0.916748	
-0.617981	
-0.871277	
-1.33392	
-1.32568	
-0.870667	
-0.550232	
-0.81543	
-1.42944	
-1.39954	
-0.984497	
-0.652771	
-0.636902	
-1.06781	
-1.11572	
-1.04614	
-0.663452	
-0.440674	
-0.545654	
-1.10229	
-1.55457	
-1.72272	
-1.47888	
-1.18073	
-0.93811	
-0.559387	
-0.351563	
-0.447083	
-0.709534	
-0.667725	
-0.392456	
-0.38147	
-0.751343	
-0.889282	
-0.92804	
-0.858459	
-0.828857	
-0.912476	
-0.85968	
-0.782166	
-0.642395	
-0.281677	
-0.213928	
-0.498657	
-0.729675	
-0.823669	
-0.927429	
-0.821533	
-0.53772	
-0.404663	
-0.699158	
-1.08215	
-0.926208	
-0.605469	
-0.348206	
-0.480347	
-0.389099	
-0.163879	
-0.266113	
-0.597229	
-0.87616	
-0.710449	
-0.358276	
-0.358887	
-0.650024	
-0.760193	
-0.584106	
-0.194092	
-0.310059	
-0.464783	
-0.737305	
-0.924377	
-0.810852	
-0.609436	
-0.261536	
-0.268555	
-0.513611	
-0.339355	
-0.0335693	
-0.0549316	
-0.499878	
-0.834961	
-0.601196	
-0.26123	
-0.219421	
-0.363159	
-0.457458	
-0.633545	
-0.738831	
-0.640869	
-0.522461	
-0.502014	
-0.61554	
-0.452881	
-0.232239	
0.0875854	
-0.148621	
-0.511475	
-0.81543	
-0.754089	
-0.274048	
-0.13031	
-0.330505	
-0.67749	
-0.691223	
-0.0811768	
0.30365	
0.0524902	
-0.538635	
-0.638123	
-0.219727	
-0.185547	
-0.831604	
-1.51215	
-1.43066	
-1.29547	
-1.13495	
-1.07208	
-0.775452	
-0.429688	
-0.202026	
0.119629	
0.441589	
0.535278	
0.329895	
0.0646973	
0.206299	
0.0704956	
-0.209961	
-0.601196	
-0.675354	
-0.223694	
-0.00671387	
-0.209961	
-0.588379	
-0.655823	
-0.169983	
0.192871	
0.118103	
-0.147705	
-0.218201	
-0.0909424	
0.110474	
0.114441	
-0.0549316	
-0.299683	
-0.624695	
-0.555725	
-0.296631	
-0.170593	
-0.376282	
-0.617676	
-0.533752	
-0.260315	
-0.143127	
-0.130615	
-0.0476074	
-0.0512695	
-0.302734	
-0.69397	
-0.762634	
-0.333557	
0.0842285	
0.0769043	
-0.352478	
-0.769653	
-0.838928	
-0.556641	
-0.284729	
-0.0616455	
0.169678	
0.256958	
0.254822	
-0.0570679	
-0.351257	
-0.204163	
0.281982	
0.447083	
0.0473022	
-0.514832	
-0.516968	
-0.137329	
0.112915	
0.0421143	
-0.0402832	
0.0268555	
0.088501	
0.0363159	
-0.0668335	
-0.0918579	
0.0683594	
0.293579	
0.0894165	
-0.416565	
-0.794678	
-0.700989	
-0.221558	
0.112305	
0.11322	
-0.00946045	
-0.101318	
-0.0973511	
0.0628662	
0.19989	
0.153503	
0.00488281	
-0.264282	
-0.416565	
-0.436401	
-0.384827	
-0.226135	
-0.0811768	
-0.157471	
-0.397644	
-0.657043	
-0.439453	
0.125427	
0.368958	
0.0692749	
-0.612793	
-0.684509	
-0.26062	
0.0570679	
-0.03479	
-0.357666	
-0.366211	
-0.204468	
-0.193481	
-0.299683	
-0.335999	
-0.21759	
-0.176086	
-0.255432	
-0.32959	
-0.133362	
0.279236	
0.535583	
0.223694	
-0.496521	
-0.751343	
-0.319214	
0.247803	
0.294495	
-0.174255	
-0.374756	
-0.202332	
-0.270691	
-0.780029	
-1.42731	
-1.72028	
-1.53503	
-1.21765	
-0.476074	
0.255737	
0.556335	
0.36499	
0.177307	
0.259399	
0.301208	
0.120544	
-0.0991821	
-0.0775146	
0.0802612	
0.140381	
0.106201	
-0.0256348	
-0.0991821	
0.00732422	
0.147705	
0.195313	
-0.137329	
-0.305176	
-0.139771	
0.278931	
0.278015	
-0.263062	
-0.710754	
-0.498657	
-0.067749	
0.0204468	
-0.0973511	
-0.298462	
-0.415955	
-0.634766	
-0.454102	
-0.0808716	
0.109558	
-0.226135	
-0.555725	
-0.558777	
-0.376587	
-0.299988	
-0.462952	
-0.627136	
-0.632019	
-0.51239	
-0.244141	
-0.0411987	
-0.0750732	
-0.213928	
-0.423584	
-0.476074	
-0.422363	
-0.34729	
-0.144348	
-0.0717163	
-0.113525	
-0.326843	
-0.504761	
-0.466919	
-0.320129	
-0.102539	
0.100098	
0.184021	
0.0540161	
-0.151672	
-0.330811	
-0.358582	
-0.368652	
-0.332336	
-0.298462	
-0.248718	
-0.222778	
-0.171204	
-0.295105	
-0.50415	
-0.773315	
-0.718689	
-0.264587	
0.09552	
-0.012207	
-0.294495	
-0.334167	
-0.305176	
-0.361328	
-0.613098	
-0.636597	
-0.369263	
-0.309753	
-0.482788	
-0.599365	
-0.449219	
-0.179138	
-0.176086	
-0.336609	
-0.498962	
-0.491028	
-0.484009	
-0.440979	
-0.280457	
-0.194092	
-0.212708	
-0.392456	
-0.478516	
-0.434875	
-0.424194	
-0.50415	
-0.457153	
-0.447388	
-0.480957	
-0.704651	
-0.816956	
-0.617371	
-0.224304	
0.0784302	
-0.00610352	
-0.25177	
-0.448303	
-0.408936	
-0.307617	
-0.228577	
-0.178528	
-0.155334	
-0.171509	
-0.285339	
-0.359192	
-0.306702	
-0.327148	
-0.497742	
-0.795898	
-1.20819	
-1.51337	
-1.68304	
-1.38489	
-0.717468	
-0.321655	
-0.238953	
-0.348206	
-0.00518799	
0.343933	
0.425415	
0.223083	
0.0701904	
0.0244141	
-0.0323486	
-0.0918579	
-0.170593	
-0.26001	
-0.302429	
-0.0949097	
0.109863	
0.10437	
-0.218811	
-0.515747	
-0.470886	
0.0369263	
0.290527	
0.104065	
-0.4953	
-0.777893	
-0.395508	
0.143433	
0.227661	
-0.100708	
-0.329895	
-0.19165	
-0.157166	
-0.321655	
-0.498962	
-0.396423	
-0.299988	
-0.467224	
-0.764771	
-0.651855	
-0.288391	
-0.0460815	
-0.131836	
-0.462341	
-0.595703	
-0.372314	
-0.0497437	
0.0335693	
-0.218201	
-0.702209	
-0.778809	
-0.400696	
0.1474	
0.332947	
-0.0469971	
-0.454712	
-0.560608	
-0.326538	
-0.0109863	
0.122375	
0.050354	
-0.0198364	
-0.0613403	
-0.0152588	
-0.0512695	
-0.216064	
-0.261841	
-0.217285	
-0.180969	
-0.248413	
-0.372314	
-0.33905	
-0.164185	
0.038147	
0.186157	
0.120239	
-0.249329	
-0.717773	
-0.960083	
-0.811768	
-0.36438	
0.0704956	
0.188599	
-0.0982666	
-0.516663	
-0.699158	
-0.489502	
-0.0973511	
0.0369263	
-0.103149	
-0.366821	
-0.47699	
-0.196533	
0.0524902	
-0.150452	
-0.65918	
-0.761719	
-0.175476	
0.289001	
0.0170898	
-0.673828	
-0.966187	
-0.752258	
-0.462036	
-0.422058	
-0.473938	
-0.472412	
-0.0698853	
0.237122	
0.0234985	
-0.616455	
-1.10016	
-0.718994	
-0.200195	
-0.0787354	
-0.39856	
-0.530396	
-0.315857	
-0.0253296	
0.039978	
-0.0939941	
-0.299072	
-0.445557	
-0.536194	
-0.476379	
-0.410767	
-0.387268	
-0.657043	
-1.22192	
-1.80847	
-2.09106	
-1.81915	
-1.16943	
-0.604858	
-0.230713	
-0.0576782	
0.100403	
0.262451	
0.342407	
0.164795	
-0.177307	
-0.45166	
-0.33844	
0.0128174	
0.130005	
-0.154419	
-0.536194	
-0.492249	
-0.0421143	
0.176086	
-0.00335693	
-0.445862	
-0.575256	
-0.300903	
-0.0268555	
-0.0357056	
-0.233154	
-0.343323	
-0.298157	
-0.317078	
-0.383301	
-0.415649	
-0.324097	
-0.155334	
-0.193176	
-0.406494	
-0.474854	
-0.237732	
-0.109863	
-0.213013	
-0.548401	
-0.751953	
-0.667419	
-0.484314	
-0.319824	
-0.270081	
-0.273132	
-0.358887	
-0.264282	
-0.100403	
-0.0497437	
-0.105591	
-0.198364	
-0.210266	
-0.145874	
-0.154114	
-0.276184	
-0.159302	
-0.071106	
0.00732422	
-0.045166	
-0.150452	
-0.131226	
-0.0418091	
0.126343	
0.192261	
0.0961304	
-0.212708	
-0.360107	
-0.353699	
-0.237427	
-0.237427	
-0.188293	
-0.0616455	
0.0881958	
0.126343	
0.0588989	
-0.00488281	
0.00396729	
0.0326538	
0.0280762	
0.0402832	
0.0546265	
0.00152588	
-0.14801	
-0.303955	
-0.314026	
-0.175171	
-0.0268555	
0.0354004	
0.0488281	
0.139771	
0.325928	
0.467529	
0.463867	
0.107727	
-0.372009	
-0.680237	
-0.578003	
-0.204163	
0.152283	
0.322876	
0.319824	
0.258789	
0.190125	
0.156555	
0.175781	
0.150452	
0.065918	
0.0283813	
0.0234985	
0.0769043	
0.0848389	
0.0564575	
0.0878906	
0.124207	
0.212097	
0.239563	
0.245667	
0.222168	
0.195007	
0.173645	
0.152588	
0.163574	
0.182495	
0.236816	
0.236511	
0.199585	
0.197754	
0.219727	
0.248108	
0.12085	
-0.145264	
-0.491943	
-0.829163	
-1.06934	
-1.09528	
-0.849609	
-0.39917	
0.0836182	
0.39856	
0.515137	
0.489807	
0.401917	
0.308533	
0.249939	
0.226135	
0.19989	
0.150757	
0.083313	
0.0204468	
-0.0479126	
-0.0881958	
-0.102539	
-0.0848389	
-0.0921631	
-0.133667	
-0.174255	
-0.202026	
-0.244446	
-0.26062	
-0.239563	
-0.192566	
-0.193481	
-0.25177	
-0.309143	
-0.314941	
-0.288696	
-0.274963	
-0.28717	
-0.2771	
-0.231018	
-0.227051	
-0.256958	
-0.280457	
-0.289001	
-0.256958	
-0.26062	
-0.276184	
-0.292969	
-0.299988	
-0.27832	
-0.240784	
-0.20752	
-0.193481	
-0.161438	
-0.133667	
-0.118408	
-0.10437	
-0.0790405	
-0.0259399	
0.0234985	
0.0262451	
-0.00701904	
-0.00579834	
0.0280762	
0.065918	
0.0473022	
-0.0012207	
-0.00976563	
0.0192261	
0.0167847	
-0.0115967	
-0.0491333	
-0.078125	
-0.0735474	
-0.0662231	
-0.0595093	
-0.0643921	
-0.0762939	
-0.0787354	
-0.0848389	
-0.093689	
-0.121765	
-0.146484	
-0.154114	
-0.149841	
-0.128479	
-0.120239	
-0.148621	
-0.194397	
-0.223083	
-0.226746	
-0.235596	
-0.257568	
-0.279541	
-0.291443	
-0.283203	
-0.319824	
-0.339966	
-0.361023	
-0.353088	
-0.340576	
-0.324402	
-0.312195	
-0.334778	
-0.374451	
-0.409546	
-0.419617	
-0.432129	
-0.477295	
-0.479736	
-0.447083	
-0.394592	
-0.376587	
-0.397949	
-0.425415	
-0.458679	
-0.490417	
-0.516357	
-0.516052	
-0.511475	
-0.52948	
-0.565186	
-0.577087	
-0.603943	
-0.651855	
-0.728455	
-0.757141	
-0.743713	
-0.733948	
-0.749207	
-0.765381	
-0.740356	
-0.715637	
-0.723267	
-0.755615	
-0.795898	
-0.835876	
-0.855408	
-0.858459	
-0.849304	
-0.834045	
-0.798035	
-0.75592	
-0.737305	
-0.794983	
-0.920715	
-1.1145	
-1.3739	
-1.69586	
-2.01294	
-2.1936	
-2.14142	
-1.82312	
-1.34186	
-0.867615	
-0.527344	
-0.37262	
-0.357971	
-0.44342	
-0.572205	
-0.704956	
-0.769653	
-0.754395	
-0.712891	
-0.689087	
-0.700378	
-0.730896	
-0.779724	
-0.812073	
-0.818787	
-0.782166	
-0.765991	
-0.764771	
-0.751953	
-0.722656	
-0.717468	
-0.744019	
-0.786743	
-0.804749	
-0.796814	
-0.794983	
-0.79071	
-0.786438	
-0.790405	
-0.796204	
-0.802307	
-0.794373	
-0.786438	
-0.786438	
-0.787659	
-0.793152	
-0.809631	
-0.84137	
-0.85144	
-0.837708	
-0.816956	
-0.812988	
-0.812683	
-0.801392	
-0.773926	
-0.702209	
-0.622253	
-0.559082	
-0.579834	
-0.6427	
-0.671997	
-0.643616	
-0.583496	
-0.527039	
-0.487366	
-0.447693	
-0.415649	
-0.451965	
-0.518494	
-0.578308	
-0.58197	
-0.541077	
-0.509033	
-0.517578	
-0.545349	
-0.557251	
-0.543213	
-0.522766	
-0.541992	
-0.58136	
-0.598145	
-0.586853	
-0.588684	
-0.6073	
-0.60791	
-0.581055	
-0.559387	
-0.570984	
-0.59845	
-0.592651	
-0.570984	
-0.551758	
-0.556946	
-0.58197	
-0.600891	
-0.595703	
-0.585022	
-0.563049	
-0.563049	
-0.583191	
-0.611267	
-0.636597	
-0.65033	
-0.653687	
-0.638428	
-0.623474	
-0.618286	
-0.638123	
-0.654297	
-0.649414	
-0.62561	
-0.623169	
-0.611877	
-0.611877	
-0.618591	
-0.665588	
-0.709534	
-0.718384	
-0.709534	
-0.692139	
-0.68512	
-0.674744	
-0.662537	
-0.683899	
-0.708923	
-0.743103	
-0.771484	
-0.778198	
-0.733948	
-0.667419	
-0.641174	
-0.689392	
-0.741882	
-0.771484	
-0.754089	
-0.751038	
-0.753784	
-0.759583	
-0.788574	
-0.836487	
-0.885315	
-0.847778	
-0.760803	
-0.683899	
-0.653992	
-0.661316	
-0.667725	
-0.681458	
-0.682983	
-0.657654	
-0.623474	
-0.613403	
-0.605164	
-0.585022	
-0.547485	
-0.558777	
-0.6604	
-0.833435	
-1.11053	
-1.41815	
-1.71417	
-1.87897	
-1.83167	
-1.55243	
-1.0907	
-0.603333	
-0.23407	
-0.0411987	
-0.0195313	
-0.0970459	
-0.259094	
-0.411682	
-0.492554	
-0.490112	
-0.440369	
-0.411377	
-0.40863	
-0.428467	
-0.457153	
-0.481873	
-0.483093	
-0.466919	
-0.455322	
-0.469055	
-0.486145	
-0.492859	
-0.489197	
-0.493469	
-0.510254	
-0.533142	
-0.571594	
-0.601196	
-0.592041	
-0.534973	
-0.473022	
-0.455627	
-0.482483	
-0.543823	
-0.6073	
-0.655823	
-0.65979	
-0.622864	
-0.594788	
-0.587463	
-0.5896	
-0.601501	
-0.611572	
-0.618896	
-0.611267	
-0.592041	
-0.574951	
-0.57312	
-0.544434	
-0.492554	
-0.470276	
-0.464478	
-0.454102	
-0.410767	
-0.339661	
-0.30426	
-0.309448	
-0.346375	
-0.379333	
-0.400696	
-0.39978	
-0.394287	
-0.404053	
-0.408936	
-0.397949	
-0.392761	
-0.407715	
-0.450134	
-0.481262	
-0.483704	
-0.478516	
-0.456543	
-0.436707	
-0.428162	
-0.442505	
-0.462036	
-0.461121	
-0.449219	
-0.464783	
-0.489197	
-0.486145	
-0.462341	
-0.440979	
-0.452271	
-0.488586	
-0.509949	
-0.509033	
-0.497742	
-0.484619	
-0.47699	
-0.476379	
-0.475464	
-0.488281	
-0.480347	
-0.483093	
-0.493164	
-0.505981	
-0.506287	
-0.476379	
-0.465698	
-0.484619	
-0.523682	
-0.570374	
-0.586548	
-0.558472	
-0.516663	
-0.47699	
-0.474548	
-0.491638	
-0.523987	
-0.567932	
-0.605164	
-0.609741	
-0.580139	
-0.543213	
-0.545349	
-0.571899	
-0.584412	
-0.565186	
-0.536499	
-0.518799	
-0.534058	
-0.578613	
-0.603943	
-0.578918	
-0.517273	
-0.492554	
-0.518799	
-0.558167	
-0.549927	
-0.561218	
-0.606384	
-0.654297	
-0.625	
-0.572205	
-0.542603	
-0.566711	
-0.60791	
-0.639648	
-0.654297	
-0.632629	
-0.558472	
-0.49469	
-0.455322	
-0.436401	
-0.419312	
-0.417786	
-0.443726	
-0.475769	
-0.487366	
-0.473938	
-0.449829	
-0.422974	
-0.37262	
-0.345764	
-0.38269	
-0.499573	
-0.715332	
-0.990906	
-1.29608	
-1.58356	
-1.75171	
-1.70624	
-1.39832	
-0.89447	
-0.37262	
-0.0195313	
0.119324	
0.0811768	
-0.0396729	
-0.153809	
-0.21698	
-0.229492	
-0.204468	
-0.218811	
-0.251465	
-0.294495	
-0.323486	
-0.341187	
-0.33844	
-0.317078	
-0.293579	
-0.306702	
-0.348511	
-0.391846	
-0.398254	
-0.396118	
-0.377808	
-0.375366	
-0.383606	
-0.412292	
-0.441895	
-0.442505	
-0.404663	
-0.376892	
-0.393066	
-0.45929	
-0.520325	
-0.526428	
-0.490112	
-0.457458	
-0.44281	
-0.462341	
-0.480957	
-0.503845	
-0.499878	
-0.507813	
-0.52948	
-0.551453	
-0.547485	
-0.523987	
-0.488892	
-0.43457	
-0.368347	
-0.343323	
-0.353088	
-0.372314	
-0.353699	
-0.329895	
-0.302429	
-0.276489	
-0.241394	
-0.235596	
-0.249023	
-0.267334	
-0.275269	
-0.316467	
-0.366211	
-0.396118	
-0.363159	
-0.310974	
-0.276794	
-0.282593	
-0.292969	
-0.303345	
-0.304565	
-0.304871	
-0.296326	
-0.301819	
-0.332336	
-0.369568	
-0.387268	
-0.384521	
-0.356445	
-0.325623	
-0.283203	
-0.275879	
-0.302124	
-0.3302	
-0.343323	
-0.342407	
-0.351563	
-0.358887	
-0.343628	
-0.339355	
-0.348511	
-0.352783	
-0.335083	
-0.310974	
-0.31189	
-0.320435	
-0.3302	
-0.343323	
-0.378723	
-0.400085	
-0.384216	
-0.353394	
-0.33783	
-0.32959	
-0.316772	
-0.317383	
-0.342712	
-0.399475	
-0.426941	
-0.414124	
-0.378418	
-0.345459	
-0.329895	
-0.337524	
-0.354309	
-0.362549	
-0.348816	
-0.336914	
-0.353699	
-0.386658	
-0.395508	
-0.400085	
-0.406494	
-0.419006	
-0.411682	
-0.388489	
-0.366821	
-0.345154	
-0.33844	
-0.358582	
-0.407104	
-0.464478	
-0.493164	
-0.489197	
-0.470276	
-0.478516	
-0.532532	
-0.592041	
-0.570068	
-0.455933	
-0.332336	
-0.301208	
-0.362244	
-0.43457	
-0.453186	
-0.419922	
-0.383301	
-0.366211	
-0.365601	
-0.371399	
-0.374146	
-0.369873	
-0.363159	
-0.38269	
-0.480652	
-0.679626	
-0.979919	
-1.31927	
-1.62262	
-1.76331	
-1.6394	
-1.26526	
-0.758667	
-0.27832	
0.0552368	
0.182495	
0.137939	
0.00457764	
-0.120239	
-0.198669	
-0.235291	
-0.246277	
-0.23407	
-0.230408	
-0.248718	
-0.261536	
-0.253601	
-0.250854	
-0.269165	
-0.300293	
-0.307007	
-0.307007	
-0.322266	
-0.349121	
-0.37323	
-0.375061	
-0.367737	
-0.358887	
-0.353699	
-0.366211	
-0.368347	
-0.354004	
-0.319214	
-0.32196	
-0.354309	
-0.402832	
-0.436096	
-0.480042	
-0.50354	
-0.493164	
-0.452576	
-0.447388	
-0.490723	
-0.523071	
-0.512085	
-0.473938	
-0.450745	
-0.440369	
-0.4422	
-0.444641	
-0.429688	
-0.388794	
-0.33783	
-0.2948	
-0.263367	
-0.235291	
-0.22583	
-0.241089	
-0.269775	
-0.267334	
-0.24231	
-0.240784	
-0.269165	
-0.31311	
-0.319519	
-0.304871	
-0.284424	
-0.284119	
-0.286255	
-0.292664	
-0.300903	
-0.317993	
-0.329895	
-0.334473	
-0.325623	
-0.302429	
-0.288696	
-0.308533	
-0.355225	
-0.405884	
-0.416565	
-0.401917	
-0.359192	
-0.32074	
-0.308838	
-0.339661	
-0.359802	
-0.362854	
-0.35614	
-0.382996	
-0.42572	
-0.428467	
-0.375977	
-0.319519	
-0.301208	
-0.313416	
-0.350647	
-0.379639	
-0.41748	
-0.415039	
-0.37262	
-0.331726	
-0.325623	
-0.336304	
-0.3302	
-0.337524	
-0.372009	
-0.422363	
-0.425415	
-0.394897	
-0.362244	
-0.343323	
-0.335693	
-0.345154	
-0.364075	
-0.387268	
-0.402832	
-0.405884	
-0.397034	
-0.379028	
-0.360107	
-0.374756	
-0.409241	
-0.422363	
-0.415344	
-0.392151	
-0.385437	
-0.393372	
-0.410156	
-0.444946	
-0.480347	
-0.501709	
-0.49469	
-0.476685	
-0.44342	
-0.397034	
-0.343323	
-0.324402	
-0.354309	
-0.37262	
-0.348206	
-0.314636	
-0.296631	
-0.321045	
-0.348511	
-0.362244	
-0.353088	
-0.309753	
-0.263977	
-0.272217	
-0.374756	
-0.580139	
-0.861816	
-1.20056	
-1.49414	
-1.64307	
-1.53076	
-1.19171	
-0.718079	
-0.249939	
0.0900269	
0.211182	
0.133362	
-0.0262451	
-0.144958	
-0.191956	
-0.206604	
-0.220337	
-0.239258	
-0.270386	
-0.298462	
-0.300293	
-0.286865	
-0.302429	
-0.331421	
-0.341797	
-0.316162	
-0.310364	
-0.351563	
-0.393982	
-0.393677	
-0.375061	
-0.364075	
-0.388489	
-0.399475	
-0.415039	
-0.432739	
-0.464172	
-0.470581	
-0.463867	
-0.448303	
-0.455933	
-0.464478	
-0.482483	
-0.500793	
-0.526733	
-0.549011	
-0.560913	
-0.554504	
-0.523376	
-0.500183	
-0.50354	
-0.529785	
-0.547791	
-0.526123	
-0.50415	
-0.470276	
-0.439453	
-0.405579	
-0.364685	
-0.336914	
-0.300293	
-0.267334	
-0.273438	
-0.280762	
-0.297852	
-0.281677	
-0.267639	
-0.274963	
-0.294189	
-0.316162	
-0.332642	
-0.33783	
-0.335388	
-0.336914	
-0.354614	
-0.379639	
-0.380859	
-0.35614	
-0.324097	
-0.311584	
-0.317078	
-0.336304	
-0.368958	
-0.393372	
-0.398254	
-0.374756	
-0.359497	
-0.361023	
-0.376587	
-0.376587	
-0.382996	
-0.364075	
-0.332336	
-0.305176	
-0.330811	
-0.393066	
-0.420532	
-0.386353	
-0.339661	
-0.331421	
-0.35675	
-0.39978	
-0.404358	
-0.381775	
-0.334167	
-0.294495	
-0.310364	
-0.344849	
-0.369873	
-0.357666	
-0.330505	
-0.323486	
-0.343628	
-0.375061	
-0.385437	
-0.379944	
-0.369568	
-0.346375	
-0.338135	
-0.340271	
-0.373535	
-0.406494	
-0.426636	
-0.41687	
-0.393066	
-0.393982	
-0.402832	
-0.408936	
-0.408936	
-0.414429	
-0.463562	
-0.513611	
-0.527954	
-0.474854	
-0.407715	
-0.379333	
-0.368958	
-0.353394	
-0.33905	
-0.335083	
-0.33905	
-0.328369	
-0.317383	
-0.333862	
-0.350647	
-0.335999	
-0.28595	
-0.261841	
-0.299377	
-0.436096	
-0.689087	
-1.01227	
-1.34216	
-1.5918	
-1.66138	
-1.47858	
-1.05286	
-0.53894	
-0.105286	
0.144958	
0.215759	
0.154419	
0.0119019	
-0.132446	
-0.203247	
-0.202026	
-0.177307	
-0.166016	
-0.202942	
-0.267334	
-0.32074	
-0.322266	
-0.271301	
-0.209351	
-0.198059	
-0.230713	
-0.281372	
-0.315552	
-0.326538	
-0.328064	
-0.332031	
-0.338745	
-0.350647	
-0.369873	
-0.379639	
-0.375671	
-0.371399	
-0.39978	
-0.416565	
-0.411072	
-0.386658	
-0.372925	
-0.397644	
-0.437927	
-0.475464	
-0.497131	
-0.490417	
-0.474548	
-0.46936	
-0.473633	
-0.471191	
-0.473938	
-0.487366	
-0.489502	
-0.449219	
-0.378113	
-0.324707	
-0.309143	
-0.305786	
-0.289612	
-0.274048	
-0.270691	
-0.281982	
-0.285034	
-0.283813	
-0.27832	
-0.26001	
-0.235291	
-0.236511	
-0.256653	
-0.288696	
-0.301208	
-0.309143	
-0.305481	
-0.305481	
-0.310364	
-0.324707	
-0.333557	
-0.319214	
-0.304565	
-0.327759	
-0.376587	
-0.378723	
-0.346069	
-0.326538	
-0.346985	
-0.374451	
-0.36377	
-0.345764	
-0.332642	
-0.327759	
-0.310364	
-0.315552	
-0.350342	
-0.396118	
-0.421143	
-0.387268	
-0.336914	
-0.304871	
-0.319519	
-0.372314	
-0.40863	
-0.392151	
-0.359192	
-0.345764	
-0.361328	
-0.364075	
-0.333252	
-0.324402	
-0.353394	
-0.374756	
-0.363464	
-0.334473	
-0.330811	
-0.334473	
-0.332031	
-0.33844	
-0.365295	
-0.393066	
-0.392456	
-0.380859	
-0.374451	
-0.385742	
-0.393677	
-0.425415	
-0.440674	
-0.445557	
-0.413818	
-0.384216	
-0.383301	
-0.400085	
-0.427856	
-0.423889	
-0.385742	
-0.32959	
-0.292969	
-0.308533	
-0.333862	
-0.346069	
-0.345154	
-0.349121	
-0.362244	
-0.346985	
-0.296936	
-0.238342	
-0.219421	
-0.270386	
-0.418396	
-0.665283	
-0.986938	
-1.30341	
-1.54877	
-1.68579	
-1.59485	
-1.23535	
-0.680847	
-0.156555	
0.162659	
0.259399	
0.205078	
0.0674438	
-0.0653076	
-0.133972	
-0.147095	
-0.162659	
-0.19043	
-0.207825	
-0.212402	
-0.228577	
-0.271606	
-0.287476	
-0.270081	
-0.263672	
-0.274353	
-0.292969	
-0.290833	
-0.314941	
-0.358276	
-0.379333	
-0.343323	
-0.302734	
-0.314026	
-0.359802	
-0.401306	
-0.406494	
-0.40863	
-0.394592	
-0.395508	
-0.428162	
-0.462952	
-0.474854	
-0.456238	
-0.445557	
-0.482178	
-0.506897	
-0.497131	
-0.471802	
-0.470581	
-0.484009	
-0.497437	
-0.490112	
-0.476379	
-0.451355	
-0.432129	
-0.410156	
-0.392761	
-0.344238	
-0.288086	
-0.275574	
-0.286255	
-0.285645	
-0.239868	
-0.201111	
-0.221558	
-0.274658	
-0.295715	
-0.289001	
-0.292053	
-0.296326	
-0.311584	
-0.323792	
-0.353394	
-0.353088	
-0.326843	
-0.306702	
-0.342712	
-0.389099	
-0.396729	
-0.402222	
-0.406799	
-0.415039	
-0.391846	
-0.379028	
-0.395813	
-0.421448	
-0.409546	
-0.368652	
-0.350342	
-0.388489	
-0.4599	
-0.488281	
-0.433655	
-0.336914	
-0.30365	
-0.354919	
-0.430603	
-0.466614	
-0.451355	
-0.437012	
-0.413818	
-0.398254	
-0.393372	
-0.404968	
-0.422058	
-0.415039	
-0.399475	
-0.401611	
-0.432129	
-0.439148	
-0.431213	
-0.41748	
-0.419922	
-0.415955	
-0.407715	
-0.418701	
-0.447388	
-0.480652	
-0.474548	
-0.454407	
-0.44342	
-0.43457	
-0.42572	
-0.4422	
-0.456238	
-0.48584	
-0.498962	
-0.492859	
-0.465393	
-0.446472	
-0.464783	
-0.541687	
-0.610352	
-0.59906	
-0.510254	
-0.407104	
-0.350342	
-0.33783	
-0.360413	
-0.41687	
-0.475159	
-0.50415	
-0.482178	
-0.447388	
-0.407104	
-0.391235	
-0.353088	
-0.335083	
-0.332031	
-0.404663	
-0.593262	
-0.880737	
-1.16608	
-1.37573	
-1.43799	
-1.30646	
-0.967712	
-0.53833	
-0.191345	
-0.0335693	
-0.0219727	
-0.0509644	
-0.12146	
-0.222168	
-0.311584	
-0.324707	
-0.285034	
-0.270996	
-0.307312	
-0.341797	
-0.3479	
-0.349121	
-0.352783	
-0.370178	
-0.372009	
-0.392151	
-0.413208	
-0.398254	
-0.375061	
-0.366821	
-0.374146	
-0.380554	
-0.376892	
-0.384216	
-0.428772	
-0.467224	
-0.483093	
-0.483704	
-0.500793	
-0.513306	
-0.498047	
-0.474243	
-0.47821	
-0.495911	
-0.511475	
-0.509644	
-0.510254	
-0.516357	
-0.505676	
-0.498657	
-0.505371	
-0.512695	
-0.508728	
-0.482178	
-0.46051	
-0.454102	
-0.439758	
-0.410156	
-0.354004	
-0.318604	
-0.314026	
-0.325623	
-0.307312	
-0.274963	
-0.258789	
-0.279541	
-0.299988	
-0.286255	
-0.270691	
-0.296326	
-0.343323	
-0.361328	
-0.332336	
-0.315857	
-0.320435	
-0.328674	
-0.317383	
-0.318909	
-0.327759	
-0.341187	
-0.342102	
-0.366516	
-0.401611	
-0.404663	
-0.381775	
-0.364075	
-0.369568	
-0.388794	
-0.373535	
-0.360718	
-0.342712	
-0.344543	
-0.36377	
-0.387268	
-0.407104	
-0.383301	
-0.350342	
-0.325012	
-0.344849	
-0.348816	
-0.336914	
-0.328369	
-0.340271	
-0.380859	
-0.408325	
-0.409851	
-0.380859	
-0.350952	
-0.343323	
-0.366821	
-0.376587	
-0.371094	
-0.381165	
-0.415039	
-0.447388	
-0.423584	
-0.374146	
-0.344849	
-0.348511	
-0.339966	
-0.31189	
-0.293884	
-0.307007	
-0.331726	
-0.333862	
-0.325012	
-0.314941	
-0.296936	
-0.265808	
-0.266113	
-0.270386	
-0.314636	
-0.393066	
-0.567627	
-0.812988	
-1.04492	
-1.19263	
-1.18927	
-1.01776	
-0.699158	
-0.3479	
-0.101624	
-0.00823975	
-0.0183105	
-0.0772095	
-0.140991	
-0.190125	
-0.202637	
-0.193481	
-0.194702	
-0.227661	
-0.252075	
-0.272217	
-0.268555	
-0.258484	
-0.252991	
-0.268555	
-0.331726	
-0.366821	
-0.350342	
-0.293579	
-0.25238	
-0.245056	
-0.262756	
-0.28595	
-0.33844	
-0.378723	
-0.364075	
-0.328369	
-0.329285	
-0.375671	
-0.409546	
-0.381165	
-0.342712	
-0.331116	
-0.357361	
-0.380554	
-0.406189	
-0.43457	
-0.456848	
-0.447693	
-0.449524	
-0.418091	
-0.389099	
-0.349731	
-0.355835	
-0.375977	
-0.368042	
-0.328979	
-0.303955	
-0.290222	
-0.270691	
-0.25238	
-0.236511	
-0.222168	
-0.200195	
-0.189514	
-0.220032	
-0.267944	
-0.295715	
-0.301208	
-0.290222	
-0.299072	
-0.30426	
-0.296936	
-0.281067	
-0.263977	
-0.277405	
-0.284729	
-0.287476	
-0.275269	
-0.266418	
-0.276489	
-0.302124	
-0.319824	
-0.327454	
-0.319214	
-0.334167	
-0.342712	
-0.344543	
-0.32135	
-0.32074	
-0.331116	
-0.334778	
-0.319214	
-0.310059	
-0.311279	
-0.327148	
-0.350952	
-0.375977	
-0.375366	
-0.340881	
-0.290833	
-0.278931	
-0.30426	
-0.335083	
-0.326843	
-0.314636	
-0.309448	
-0.330505	
-0.361023	
-0.384827	
-0.39032	
-0.38147	
-0.392761	
-0.415039	
-0.454102	
-0.437317	
-0.388184	
-0.317383	
-0.269775	
-0.254822	
-0.281372	
-0.325317	
-0.345459	
-0.3302	
-0.299377	
-0.300903	
-0.318604	
-0.3125	
-0.259094	
-0.205994	
-0.202026	
-0.296631	
-0.493164	
-0.752563	
-1.03699	
-1.28326	
-1.42853	
-1.44531	
-1.27106	
-0.922852	
-0.47821	
-0.078125	
0.146484	
0.183716	
0.0933838	
-0.0268555	
-0.10437	
-0.126038	
-0.124207	
-0.126038	
-0.140381	
-0.142212	
-0.153198	
-0.200195	
-0.252686	
-0.287781	
-0.276184	
-0.267944	
-0.267639	
-0.252991	
-0.232849	
-0.226746	
-0.245667	
-0.272827	
-0.297852	
-0.327454	
-0.368042	
-0.366211	
-0.343628	
-0.318298	
-0.318298	
-0.343933	
-0.37384	
-0.398254	
-0.408325	
-0.405273	
-0.395813	
-0.402832	
-0.418396	
-0.43335	
-0.440674	
-0.449524	
-0.465698	
-0.469666	
-0.445557	
-0.406799	
-0.371399	
-0.353394	
-0.350647	
-0.362854	
-0.369568	
-0.331726	
-0.261536	
-0.217896	
-0.228577	
-0.270081	
-0.285645	
-0.278625	
-0.258484	
-0.24292	
-0.236206	
-0.260925	
-0.289307	
-0.295105	
-0.279541	
-0.277405	
-0.307312	
-0.314331	
-0.305481	
-0.299072	
-0.32196	
-0.350037	
-0.357971	
-0.35675	
-0.355225	
-0.362244	
-0.374451	
-0.392151	
-0.392456	
-0.379333	
-0.361938	
-0.37323	
-0.376282	
-0.358887	
-0.330811	
-0.32074	
-0.354919	
-0.388794	
-0.417175	
-0.430603	
-0.411682	
-0.373535	
-0.339355	
-0.342712	
-0.377197	
-0.408325	
-0.420837	
-0.431824	
-0.458984	
-0.461731	
-0.462952	
-0.470276	
-0.488281	
-0.49408	
-0.458984	
-0.41748	
-0.375366	
-0.344238	
-0.329285	
-0.33783	
-0.366516	
-0.387878	
-0.387878	
-0.379028	
-0.348511	
-0.317078	
-0.289001	
-0.284119	
-0.30365	
-0.334778	
-0.426941	
-0.609131	
-0.887756	
-1.20636	
-1.492	
-1.66901	
-1.62659	
-1.35803	
-0.903015	
-0.407715	
-0.000915527	
0.216675	
0.223083	
0.0839233	
-0.0720215	
-0.158691	
-0.179443	
-0.187073	
-0.19989	
-0.224609	
-0.239563	
-0.258789	
-0.264282	
-0.270691	
-0.269775	
-0.269775	
-0.276489	
-0.308228	
-0.3302	
-0.346375	
-0.348206	
-0.350342	
-0.358887	
-0.365906	
-0.37384	
-0.378723	
-0.379639	
-0.397034	
-0.419006	
-0.438538	
-0.445557	
-0.435791	
-0.440979	
-0.464783	
-0.491028	
-0.521851	
-0.525208	
-0.52124	
-0.514832	
-0.517578	
-0.524597	
-0.511475	
-0.503235	
-0.482483	
-0.451965	
-0.410767	
-0.376282	
-0.375977	
-0.372314	
-0.357056	
-0.324097	
-0.305786	
-0.27832	
-0.243225	
-0.209961	
-0.217285	
-0.236511	
-0.252686	
-0.250244	
-0.253296	
-0.264282	
-0.275574	
-0.275879	
-0.294495	
-0.301819	
-0.308533	
-0.3125	
-0.328674	
-0.33844	
-0.349426	
-0.335388	
-0.341187	
-0.3479	
-0.335999	
-0.314331	
-0.302734	
-0.306702	
-0.328369	
-0.342712	
-0.363159	
-0.370789	
-0.358887	
-0.344543	
-0.348816	
-0.362854	
-0.361328	
-0.345154	
-0.332642	
-0.338745	
-0.355225	
-0.359192	
-0.35675	
-0.333862	
-0.32196	
-0.316772	
-0.326538	
-0.344543	
-0.372925	
-0.391541	
-0.399475	
-0.373535	
-0.335999	
-0.327454	
-0.364685	
-0.406494	
-0.415039	
-0.426941	
-0.455933	
-0.488892	
-0.483398	
-0.448914	
-0.40863	
-0.368652	
-0.308533	
-0.264893	
-0.272522	
-0.312195	
-0.354309	
-0.362854	
-0.363464	
-0.359192	
-0.352478	
-0.330811	
-0.310059	
-0.278015	
-0.258179	
-0.287781	
-0.373535	
-0.550842	
-0.786133	
-1.08276	
-1.39221	
-1.59241	
-1.56586	
-1.28021	
-0.829163	
-0.360413	
-0.0109863	
0.184631	
0.214233	
0.113831	
-0.0366211	
-0.171814	
-0.256042	
-0.27771	
-0.266724	
-0.221863	
-0.206604	
-0.222168	
-0.254822	
-0.276794	
-0.273132	
-0.292664	
-0.32135	
-0.36377	
-0.389709	
-0.393066	
-0.36438	
-0.328369	
-0.333557	
-0.3302	
-0.319519	
-0.30365	
-0.333557	
-0.395203	
-0.435181	
-0.439148	
-0.41748	
-0.430298	
-0.440063	
-0.450745	
-0.48584	
-0.493164	
-0.48584	
-0.43396	
-0.405884	
-0.429077	
-0.471191	
-0.480957	
-0.467834	
-0.454712	
-0.433044	
-0.413513	
-0.387573	
-0.353088	
-0.278931	
-0.212402	
-0.188904	
-0.22522	
-0.272522	
-0.28656	
-0.270081	
-0.238342	
-0.204773	
-0.18158	
-0.1828	
-0.201721	
-0.221863	
-0.228882	
-0.223694	
-0.255432	
-0.288086	
-0.309143	
-0.321655	
-0.280457	
-0.262146	
-0.278931	
-0.306702	
-0.328369	
-0.288391	
-0.27771	
-0.319519	
-0.379639	
-0.368347	
-0.309448	
-0.247192	
-0.253601	
-0.27832	
-0.343933	
-0.376587	
-0.387573	
-0.372314	
-0.326843	
-0.297241	
-0.299988	
-0.329285	
-0.365295	
-0.361938	
-0.351563	
-0.336609	
-0.33905	
-0.346985	
-0.328674	
-0.297546	
-0.291748	
-0.340576	
-0.409851	
-0.419312	
-0.366821	
-0.303955	
-0.317078	
-0.35553	
-0.388184	
-0.401611	
-0.400085	
-0.40802	
-0.404968	
-0.399475	
-0.370178	
-0.38208	
-0.372925	
-0.445251	
-0.497131	
-0.468445	
-0.397034	
-0.306091	
-0.292358	
-0.304871	
-0.298462	
-0.310669	
-0.354004	
-0.396729	
-0.381775	
-0.354004	
-0.324402	
-0.286865	
-0.222168	
-0.178833	
-0.256042	
-0.534058	
-0.882568	
-1.13983	
-1.22925	
-1.13525	
-0.944214	
-0.665283	
-0.358276	
-0.0976563	
0.0491333	
0.057373	
-0.0384521	
-0.130005	
-0.188599	
-0.209045	
-0.250854	
-0.299988	
-0.316467	
-0.292358	
-0.273132	
-0.281982	
-0.297852	
-0.299683	
-0.290527	
-0.293274	
-0.329895	
-0.364075	
-0.335693	
-0.307617	
-0.274963	
-0.273743	
-0.2771	
-0.276489	
-0.35614	
-0.444946	
-0.472412	
-0.454407	
-0.489502	
-0.54657	
-0.521851	
-0.383911	
-0.238342	
-0.209656	
-0.255432	
-0.30426	
-0.346985	
-0.395508	
-0.446472	
-0.511169	
-0.578918	
-0.589294	
-0.582886	
-0.557556	
-0.485229	
-0.3479	
-0.190735	
-0.109863	
-0.174255	
-0.252991	
-0.326538	
-0.354614	
-0.356445	
-0.287781	
-0.159607	
-0.0186157	
-0.00915527	
-0.141907	
-0.298462	
-0.379639	
-0.367126	
-0.34729	
-0.350647	
-0.35675	
-0.330505	
-0.296326	
-0.288086	
-0.302734	
-0.33905	
-0.348816	
-0.325317	
-0.274963	
-0.278015	
-0.322266	
-0.388489	
-0.39856	
-0.370483	
-0.325012	
-0.325012	
-0.389099	
-0.451965	
-0.481567	
-0.4953	
-0.475769	
-0.42572	
-0.338745	
-0.284424	
-0.316772	
-0.386963	
-0.426941	
-0.417786	
-0.391541	
-0.391846	
-0.429688	
-0.441589	
-0.441284	
-0.429077	
-0.450134	
-0.493164	
-0.476074	
-0.402832	
-0.322266	
-0.309143	
-0.350952	
-0.372009	
-0.326538	
-0.274048	
-0.28595	
-0.349731	
-0.413208	
-0.406799	
-0.371704	
-0.296021	
-0.25177	
-0.274963	
-0.327454	
-0.426025	
-0.518799	
-0.643311	
-0.799866	
-0.966187	
-1.08459	
-1.08795	
-0.924988	
-0.632019	
-0.31311	
-0.101318	
0.00701904	
0.0180054	
-0.0534058	
-0.166016	
-0.273438	
-0.307312	
-0.288696	
-0.261536	
-0.263062	
-0.315552	
-0.386047	
-0.432434	
-0.432129	
-0.395508	
-0.377502	
-0.392456	
-0.393982	
-0.385437	
-0.396729	
-0.403137	
-0.389709	
-0.328369	
-0.286255	
-0.309143	
-0.391846	
-0.456238	
-0.489502	
-0.480652	
-0.447388	
-0.431824	
-0.432129	
-0.44342	
-0.426636	
-0.43457	
-0.473022	
-0.523682	
-0.534058	
-0.514221	
-0.49469	
-0.479431	
-0.439453	
-0.427551	
-0.458069	
-0.492859	
-0.485229	
-0.41687	
-0.352173	
-0.313721	
-0.303955	
-0.317383	
-0.328369	
-0.310974	
-0.279541	
-0.264587	
-0.281677	
-0.292664	
-0.30304	
-0.324402	
-0.380554	
-0.422974	
-0.426941	
-0.412598	
-0.400391	
-0.392151	
-0.384827	
-0.384521	
-0.411682	
-0.422668	
-0.420532	
-0.397034	
-0.406189	
-0.418091	
-0.424805	
-0.441589	
-0.474548	
-0.493469	
-0.461121	
-0.390625	
-0.370789	
-0.393982	
-0.419922	
-0.400085	
-0.366821	
-0.357971	
-0.386658	
-0.417786	
-0.445862	
-0.445251	
-0.420532	
-0.387268	
-0.360718	
-0.338745	
-0.327759	
-0.332642	
-0.354614	
-0.378113	
-0.39093	
-0.390625	
-0.408936	
-0.423584	
-0.428467	
-0.414124	
-0.411072	
-0.389709	
-0.374146	
-0.362854	
-0.367737	
-0.353394	
-0.336914	
-0.325623	
-0.351563	
-0.369873	
-0.351257	
-0.32196	
-0.314941	
-0.310669	
-0.288391	
-0.282593	
-0.358887	
-0.557251	
-0.812683	
-1.06628	
-1.25458	
-1.36078	
-1.35529	
-1.21063	
-0.933228	
-0.583191	
-0.219727	
0.0344849	
0.125732	
0.0595093	
-0.0640869	
-0.157776	
-0.195007	
-0.180054	
-0.176392	
-0.200195	
-0.237427	
-0.267334	
-0.264893	
-0.259705	
-0.265198	
-0.263062	
-0.256348	
-0.254822	
-0.281982	
-0.305786	
-0.303955	
-0.287781	
-0.286255	
-0.3125	
-0.33844	
-0.363464	
-0.369263	
-0.361328	
-0.33844	
-0.331726	
-0.35553	
-0.392761	
-0.40741	
-0.385437	
-0.384216	
-0.400085	
-0.444336	
-0.475159	
-0.466919	
-0.45166	
-0.447083	
-0.45105	
-0.481262	
-0.481567	
-0.438538	
-0.38147	
-0.358887	
-0.393677	
-0.410767	
-0.377502	
-0.3125	
-0.26001	
-0.243225	
-0.261536	
-0.286865	
-0.297546	
-0.288086	
-0.295715	
-0.301514	
-0.299988	
-0.277405	
-0.276489	
-0.315857	
-0.366821	
-0.401306	
-0.393372	
-0.365601	
-0.330811	
-0.317078	
-0.313721	
-0.332642	
-0.345764	
-0.368347	
-0.39093	
-0.419922	
-0.43335	
-0.417175	
-0.392761	
-0.37262	
-0.377808	
-0.385437	
-0.401917	
-0.405273	
-0.404968	
-0.398865	
-0.39032	
-0.399475	
-0.403442	
-0.420837	
-0.425415	
-0.422974	
-0.411377	
-0.413208	
-0.433044	
-0.468445	
-0.48584	
-0.484009	
-0.480042	
-0.495605	
-0.529785	
-0.553894	
-0.553894	
-0.509338	
-0.441589	
-0.384216	
-0.382385	
-0.420227	
-0.464783	
-0.465088	
-0.432739	
-0.422058	
-0.415955	
-0.423279	
-0.409546	
-0.382385	
-0.352783	
-0.367432	
-0.449219	
-0.61676	
-0.843506	
-1.11298	
-1.409	
-1.64917	
-1.72791	
-1.55518	
-1.16699	
-0.679932	
-0.234375	
0.0549316	
0.132141	
0.038147	
-0.12207	
-0.226746	
-0.237732	
-0.204163	
-0.172424	
-0.179749	
-0.213318	
-0.235291	
-0.247498	
-0.253296	
-0.28656	
-0.341187	
-0.369873	
-0.360718	
-0.330505	
-0.316772	
-0.335083	
-0.354309	
-0.37384	
-0.384216	
-0.391541	
-0.393982	
-0.394592	
-0.411377	
-0.413208	
-0.417175	
-0.41626	
-0.42572	
-0.42511	
-0.404968	
-0.411072	
-0.448608	
-0.494995	
-0.523987	
-0.52124	
-0.524292	
-0.526428	
-0.517578	
-0.524597	
-0.53894	
-0.546875	
-0.533447	
-0.493774	
-0.44342	
-0.412903	
-0.396423	
-0.39032	
-0.372925	
-0.348206	
-0.332031	
-0.344849	
-0.348511	
-0.342102	
-0.334473	
-0.349731	
-0.393372	
-0.420532	
-0.420837	
-0.402832	
-0.400391	
-0.409546	
-0.41626	
-0.421448	
-0.430298	
-0.441895	
-0.448303	
-0.454102	
-0.459595	
-0.458069	
-0.461426	
-0.457458	
-0.455627	
-0.431519	
-0.412598	
-0.413818	
-0.45105	
-0.469971	
-0.461426	
-0.431519	
-0.419312	
-0.445251	
-0.505066	
-0.552673	
-0.548401	
-0.505066	
-0.46814	
-0.480652	
-0.530396	
-0.579529	
-0.613098	
-0.625	
-0.61554	
-0.581055	
-0.552979	
-0.563965	
-0.628052	
-0.702209	
-0.764465	
-0.791321	
-0.789185	
-0.784607	
-0.785217	
-0.795593	
-0.794983	
-0.756226	
-0.723877	
-0.728149	
-0.768127	
-0.760498	
-0.718689	
-0.698547	
-0.771179	
-0.863953	
-0.897217	
-0.853271	
-0.798645	
-0.777588	
-0.779419	
-0.797424	
-0.883789	
-1.05316	
-1.34033	
-1.68365	
-2.01416	
-2.2229	
-2.17102	
-1.85699	
-1.37909	
-0.903931	
-0.562439	
-0.388489	
-0.387878	
-0.520325	
-0.693359	
-0.813599	
-0.854187	
-0.810547	
-0.770874	
-0.788269	
-0.869141	
-0.921326	
-0.925598	
-0.880432	
-0.86792	
-0.885925	
-0.906982	
-0.939941	
-0.966492	
-0.983887	
-0.968933	
-0.957947	
-0.982971	
-1.02386	
-1.03119	
-1.00739	
-0.999146	
-1.03363	
-1.07544	
-1.09497	
-1.09558	
-1.08856	
-1.08429	
-1.08337	
-1.08734	
-1.08185	
-1.08002	
-1.08612	
-1.11755	
-1.15845	
-1.16638	
-1.15051	
-1.12579	
-1.08765	
-1.05347	
-1.02051	
-1.00464	
-0.982361	
-0.957336	
-0.914917	
-0.880737	
-0.852051	
-0.822754	
-0.797119	
-0.787048	
-0.782776	
-0.773926	
-0.753784	
-0.752869	
-0.776062	
-0.785217	
-0.773926	
-0.743713	
-0.732117	
-0.750732	
-0.797729	
-0.836182	
-0.83313	
-0.794678	
-0.75531	
-0.74646	
-0.734253	
-0.723267	
-0.710754	
-0.725098	
-0.744324	
-0.752563	
-0.740051	
-0.726624	
-0.705872	
-0.697632	
	
